1000
402 765 1
80 389 2
366 651 8
352 124 10
116 282 5
663 876 9
397 185 2
313 763 2
889 158 5
362 539 8
955 811 3
65 723 1
990 973 5
874 954 4
119 361 3
265 902 1
20 949 2
293 206 2
641 708 8
320 764 1
36 470 3
785 237 9
386 782 8
128 594 7
743 310 1
544 572 10
911 616 6
312 93 3
140 376 1
441 991 6
704 222 9
757 987 9
840 592 8
660 395 3
325 213 9
883 905 9
780 573 9
69 268 7
264 760 8
501 306 6
446 572 4
770 650 5
370 934 6
110 790 2
902 298 9
544 821 7
168 752 1
767 937 6
508 134 10
758 822 2
739 189 4
611 751 8
182 398 1
526 147 3
158 193 1
295 70 9
218 919 4
330 826 4
874 752 6
206 15 2
243 238 1
361 751 1
235 443 1
449 500 5
167 410 9
39 141 8
819 829 7
766 260 10
363 87 8
212 967 6
328 589 6
284 425 1
951 535 9
748 303 7
555 760 8
629 890 10
68 699 1
115 559 6
841 608 1
685 558 4
707 306 3
870 479 5
598 411 5
150 42 3
851 663 4
981 587 5
181 728 3
579 52 6
962 960 9
811 571 2
983 166 7
70 721 7
499 245 8
536 621 5
386 22 7
138 87 4
796 851 9
240 790 1
174 151 6
755 63 9
665 24 10
819 527 6
615 551 5
373 547 9
456 805 8
799 751 7
959 869 2
245 510 1
134 827 1
99 165 2
722 651 3
882 306 6
452 282 9
594 966 1
499 651 10
981 330 10
197 838 10
145 34 3
655 105 10
687 688 4
359 47 4
772 836 7
149 586 4
350 979 2
11 452 8
134 594 2
97 195 5
623 277 1
1 979 1
582 196 6
489 117 1
392 133 2
460 569 5
53 991 9
499 75 2
145 134 4
508 811 10
517 40 9
746 264 6
790 575 5
116 370 3
431 525 7
786 170 8
983 830 10
967 306 2
372 174 8
121 574 2
481 761 6
268 662 6
943 338 2
21 674 8
297 656 2
17 260 9
938 766 10
646 512 6
978 789 10
735 278 2
412 928 7
533 318 1
61 753 10
261 876 6
783 158 2
452 2 7
742 948 9
887 4 10
865 706 9
484 898 9
323 548 8
586 825 10
872 301 10
584 76 8
520 970 5
930 454 1
578 306 8
6 449 4
697 137 4
205 280 3
586 531 1
607 882 8
649 611 10
681 982 10
961 648 8
890 272 5
316 313 10
936 57 4
151 546 7
215 358 9
366 193 6
215 238 1
27 205 8
483 989 6
949 605 8
376 328 7
646 28 10
204 466 5
737 329 5
72 784 4
418 387 10
104 756 9
189 347 5
219 370 9
248 79 1
451 365 10
451 5 10
643 77 5
966 193 9
406 742 9
447 815 3
660 93 2
985 805 8
500 407 6
81 14 8
76 986 2
309 7 10
916 313 5
282 590 8
96 73 8
885 966 10
814 798 3
915 207 6
792 269 8
111 334 6
848 781 10
975 560 7
7 906 10
252 215 7
764 265 7
892 781 6
857 517 10
720 822 2
1 793 4
374 731 7
904 459 7
230 998 8
891 652 6
361 521 7
177 298 1
800 3 1
89 797 8
998 158 3
595 969 6
221 476 3
662 441 7
707 638 6
257 32 9
149 177 3
205 810 3
959 747 1
912 727 4
321 81 1
649 71 1
366 748 10
245 486 6
195 871 6
379 964 3
146 752 2
434 67 10
494 365 6
449 529 8
98 731 2
277 562 8
515 792 3
393 353 8
770 989 6
213 857 7
414 90 6
369 672 4
669 699 1
167 35 8
1 348 3
274 195 1
498 293 5
68 572 4
645 335 7
131 882 6
808 889 3
400 864 4
315 968 5
971 796 4
814 843 1
922 497 4
774 422 3
187 624 8
209 600 8
53 475 9
929 903 3
643 184 7
110 105 2
474 541 5
894 765 8
358 680 7
126 387 5
733 604 5
129 453 3
172 841 10
951 412 4
214 853 3
238 551 6
946 18 3
569 477 10
724 727 6
576 596 1
856 880 3
919 630 7
716 2 10
91 112 7
133 565 5
376 528 4
617 473 7
562 25 3
163 474 5
710 209 4
425 933 8
12 216 8
58 526 2
877 171 1
228 9 2
201 772 2
693 642 1
235 53 4
308 302 4
475 714 2
353 172 6
103 17 5
706 442 3
361 239 2
96 42 8
318 46 8
247 83 2
445 336 6
602 474 1
325 322 10
613 718 2
429 83 4
853 994 8
580 196 5
575 636 1
908 378 5
662 255 10
33 576 8
485 736 1
517 118 6
883 822 7
452 567 2
241 77 5
910 452 6
434 989 1
798 589 5
508 402 9
329 835 3
886 696 8
372 202 4
500 578 6
86 352 10
570 381 8
897 22 2
463 424 2
274 501 7
459 26 8
486 54 6
353 230 7
1 961 7
454 633 10
729 947 9
764 2 7
592 671 9
855 803 3
246 401 3
889 291 1
554 138 9
941 808 1
591 903 5
13 168 6
558 527 3
224 599 1
253 60 3
605 314 6
435 649 7
697 964 4
409 456 1
923 247 8
97 549 2
537 253 3
926 208 4
432 555 1
250 755 7
605 949 4
607 627 6
688 578 10
410 571 5
774 199 1
539 8 3
942 754 2
677 653 1
415 844 9
215 576 4
276 238 8
402 112 4
989 752 10
819 475 10
224 387 1
848 640 3
152 262 10
952 772 8
346 102 4
347 313 1
868 444 7
997 947 8
185 776 7
17 227 9
940 180 8
511 484 10
902 632 1
178 591 7
236 158 6
25 410 7
296 346 2
429 533 1
513 694 2
610 964 5
365 754 10
967 167 10
45 208 9
244 561 6
313 827 10
37 306 2
618 786 1
654 523 8
92 805 2
314 972 8
59 739 10
585 548 8
822 714 6
518 505 6
348 699 4
533 899 2
559 993 7
490 255 8
337 757 1
899 614 6
997 814 7
920 502 10
214 937 1
786 638 2
206 723 9
840 253 5
51 610 7
856 334 4
964 966 7
720 624 6
509 301 2
520 100 5
670 487 10
823 121 8
1 704 8
759 495 7
267 706 6
332 462 2
601 952 7
648 749 8
345 309 8
960 964 6
704 924 2
352 76 5
570 280 4
672 774 10
390 774 5
763 501 7
197 817 6
973 643 2
860 58 6
368 30 8
249 962 9
451 245 8
190 561 3
745 537 10
258 506 5
469 762 8
607 80 10
538 619 8
292 2 8
273 2 1
486 403 9
48 702 1
820 324 8
576 929 1
157 498 4
969 306 3
673 904 10
973 892 5
139 351 2
321 498 1
488 478 1
949 203 3
339 537 4
9 944 7
604 760 5
681 626 2
517 763 2
501 167 5
490 862 4
508 781 8
501 966 9
875 448 5
382 346 3
733 32 9
857 846 9
524 570 9
823 819 9
488 298 2
351 154 7
426 783 3
693 116 8
641 824 8
134 952 4
233 46 8
343 412 7
282 762 8
690 635 4
892 238 8
827 994 6
293 83 8
729 652 10
51 680 1
313 60 8
93 786 2
374 750 8
316 15 8
465 596 6
524 419 7
542 908 8
391 29 10
431 718 1
651 291 9
252 538 6
306 760 10
764 106 5
1 756 3
773 253 3
210 384 2
1 185 8
930 2 1
833 807 8
208 966 1
348 624 10
261 762 2
867 105 5
27 646 3
200 535 7
790 684 8
985 975 6
674 968 1
238 763 2
402 51 1
541 70 4
218 777 9
912 983 6
458 730 6
296 388 4
177 95 8
338 128 10
626 751 7
422 388 3
737 49 7
960 158 4
131 549 8
124 188 7
180 612 4
307 283 4
703 626 2
98 512 9
909 812 4
844 585 10
952 327 3
989 10 4
715 743 2
383 384 4
65 15 9
77 243 2
259 133 7
149 927 3
170 782 8
981 351 8
554 944 4
776 903 3
643 504 8
730 78 6
540 267 6
836 428 2
875 37 1
848 811 3
842 954 2
95 690 2
519 483 9
127 398 8
540 875 2
305 273 4
975 78 4
714 991 9
341 37 1
713 432 10
557 817 6
603 866 4
327 501 6
254 466 6
328 829 10
557 230 9
130 703 3
972 733 8
242 16 10
762 48 1
854 538 10
140 640 10
163 895 3
125 609 6
472 837 10
41 762 5
65 77 4
144 2 6
153 496 8
55 136 8
972 740 9
395 52 1
439 386 3
425 385 2
342 543 5
170 126 8
844 932 7
316 848 1
224 815 10
682 76 8
608 421 3
787 938 2
249 910 5
677 983 10
311 708 9
572 289 8
840 522 1
453 946 7
14 815 5
262 993 6
358 963 9
416 599 5
799 787 3
819 208 3
69 563 6
244 988 4
993 848 8
329 805 4
26 25 9
344 145 3
50 646 3
162 257 6
801 688 7
541 141 7
405 126 6
714 607 1
491 272 2
787 71 8
226 982 8
627 48 2
694 483 9
24 832 4
234 163 8
805 132 2
968 32 4
53 39 3
192 618 9
788 999 7
723 167 5
201 773 1
759 761 10
109 775 5
636 327 2
406 200 7
798 640 7
176 857 5
707 740 2
856 721 6
978 660 5
843 463 10
749 446 5
343 641 2
696 789 1
210 558 7
964 702 9
218 333 4
545 371 2
592 63 4
809 888 1
972 148 6
667 279 8
911 693 2
680 34 1
346 571 7
808 906 6
857 789 10
982 743 2
606 22 7
715 873 8
99 517 10
626 385 7
957 619 2
766 607 4
529 614 9
830 947 10
877 296 6
720 175 10
570 328 10
48 929 7
273 35 5
305 433 8
87 133 6
688 760 1
927 667 10
977 551 5
945 551 10
394 258 7
700 118 10
658 22 4
525 781 5
300 337 3
1 311 8
862 706 5
125 547 9
557 916 1
348 875 7
321 744 9
745 656 5
109 481 2
932 2 10
226 441 9
539 375 4
883 53 5
635 474 3
603 2 7
145 570 4
451 789 3
655 437 9
415 508 9
391 91 5
852 276 7
827 594 6
515 837 6
780 917 5
864 593 6
174 2 3
403 742 7
229 145 4
972 189 1
978 88 6
998 740 3
623 940 2
83 784 1
7 579 10
920 961 4
984 61 10
529 622 5
382 361 3
44 279 5
843 728 2
706 289 7
804 439 9
310 193 5
608 187 2
621 227 4
321 964 1
135 889 6
267 172 2
419 642 10
455 432 9
772 842 7
787 581 3
841 827 6
872 607 3
867 213 5
489 427 3
681 71 5
41 602 3
145 2 8
905 984 8
949 504 8
702 306 3
501 330 7
177 2 4
856 233 7
754 719 9
523 206 1
145 976 8
176 697 5
209 810 7
530 38 6
631 285 2
899 809 2
819 579 2
908 470 7
378 21 2
13 47 10
404 826 3
273 48 10
1 896 3
893 578 2
150 216 6
641 160 5
256 996 4
351 840 4
996 698 6
867 752 8
614 465 2
840 591 2
783 186 4
106 982 3
172 820 7
525 937 7
812 948 1
128 848 1
141 193 6
701 393 7
646 762 7
861 524 1
211 400 2
828 535 2
643 999 1
813 709 8
580 795 10
569 748 7
735 304 7
422 712 10
851 967 6
72 781 6
470 966 5
278 35 4
328 574 8
915 630 10
568 313 9
467 733 4
759 587 8
793 478 5
769 492 9
261 732 5
210 7 6
752 541 4
497 325 1
230 335 8
556 450 2
168 301 10
834 784 6
95 863 1
117 514 10
145 650 2
177 650 6
554 503 3
30 142 9
286 784 7
960 278 1
891 642 9
770 194 8
760 2 8
477 884 5
806 657 4
622 358 5
63 301 5
23 419 2
637 736 4
810 967 8
399 270 6
64 461 10
891 547 1
461 825 6
498 524 1
396 638 7
614 387 9
73 251 4
380 427 2
223 831 1
698 499 2
736 917 7
508 459 3
498 137 4
248 228 3
846 136 4
19 909 7
967 250 8
982 991 7
335 829 4
66 198 10
848 431 7
688 474 8
643 536 6
298 97 5
389 445 8
711 170 5
202 175 9
799 607 6
487 316 5
565 612 6
638 23 8
672 677 10
43 385 5
846 980 4
439 456 6
261 526 3
415 110 3
944 534 8
938 575 10
933 720 5
84 239 10
31 865 1
99 695 4
622 461 5
181 650 8
332 95 4
555 510 1
83 141 4
690 210 8
640 39 8
238 341 3
805 859 10
198 691 10
917 758 2
755 313 9
200 832 5
623 993 9
302 841 9
869 726 3
613 629 4
299 586 8
29 687 6
242 269 5
355 485 9
631 259 2
207 891 10
342 85 6
291 885 10
725 413 4
547 802 7
862 266 5
831 94 1
373 159 7
963 651 5
137 341 9
648 543 5
14 108 10
227 702 2
459 454 7
249 287 8
938 680 7
751 919 3
66 620 3
872 522 7
572 604 9
137 943 10
902 2 8
536 558 7
942 85 9
333 224 5
374 673 2
259 891 8
987 916 4
508 937 9
311 73 5
675 664 5
698 908 9
533 2 10
628 333 5
506 646 8
40 506 1
762 955 3
338 865 3
36 80 1
689 661 7
775 830 1
960 78 7
457 685 1
249 817 6
705 396 8
624 747 9
320 790 9
977 364 9
938 637 4
630 16 1
367 262 5
448 499 10
91 907 5
898 546 7
111 761 10
993 155 6
767 151 9
155 240 5
401 74 3
508 980 6
603 485 9
671 580 6
435 126 5
768 903 8
705 635 1
908 362 5
326 348 10
915 33 1
627 579 10
136 875 9
950 663 9
804 96 6
552 198 8
349 897 2
118 899 6
54 695 1
874 299 8
777 955 6
620 633 4
889 848 3
635 922 5
863 295 2
243 265 8
731 766 6
684 830 3
855 92 9
827 500 1
400 295 2
420 954 7
881 310 5
575 840 3
891 429 8
634 264 9
115 561 8
540 612 3
805 696 7
87 256 3
978 803 2
677 140 4
901 116 2
604 105 2
858 369 1
36 921 9
991 48 2
160 72 2
1 22 8
156 413 9
369 529 3
836 189 3
470 312 4
836 465 6
612 278 6
3 526 1
754 263 4
174 29 7
161 365 1
94 543 7
825 473 8
168 16 1
16 840 2
329 946 6
520 283 2
325 230 1
433 532 8
331 159 4
109 483 8
342 275 7
739 425 10
923 358 10
250 611 4
71 318 1
849 147 3
411 811 8
146 301 2
269 314 5
758 982 6
740 853 8
933 872 10
254 535 7
557 356 1
139 605 9
832 634 1
859 53 9
70 918 8
869 476 9
587 570 4
962 473 9
381 473 2
1 129 5
842 978 8
398 536 7
466 33 7
506 614 10
799 684 10
661 79 6
819 51 6
820 512 1
160 955 5
660 30 10
839 971 5
66 760 10
907 894 9
329 183 9
181 367 6
699 396 6
421 934 7
344 906 4
741 102 2
875 497 1
275 825 2
447 673 3
779 283 3
832 611 4
636 488 1
546 698 5
836 137 6
134 628 7
653 806 2
478 159 2
983 164 3
965 635 6
286 154 7
139 292 9
125 652 1
88 235 6
133 317 4
789 846 8
848 35 8
353 437 9
859 193 2
1 93 6
873 35 1
454 826 9
621 496 9
892 35 5
78 760 2
480 992 3
367 42 6
94 434 9
831 980 6
358 98 4
213 680 8
331 114 6
652 575 5
865 299 10
276 1000 5
979 845 3
102 577 9
666 542 5
934 1000 3
697 577 2
687 728 5
970 671 2
1 204 10
528 903 1
653 976 8
942 261 5
994 487 3
674 175 1
173 266 7
830 39 5
612 336 8
129 840 2
644 101 2
149 26 5
701 277 4
209 780 3
808 312 8
65 791 8
80 60 6
689 475 3
954 558 4
502 391 10
853 309 4
903 578 10
290 449 5
522 265 7
986 829 9
640 494 2
182 611 5
610 848 8
348 146 5
228 156 9
819 126 2
52 463 10
515 750 10
849 316 5
494 758 7
32 723 9
251 610 7
575 39 3
265 407 3
77 572 10
358 299 7
684 811 7
43 460 7
458 182 9
124 928 2
173 479 2
453 359 2
351 487 8
365 929 6
622 986 1
662 404 2
840 37 1
9 639 7
590 638 10
287 668 1
309 273 10
241 174 2
408 946 5
144 800 3
223 885 1
511 310 3
435 386 1
724 267 9
792 992 4
596 508 7
210 619 10
425 322 8
551 960 2
992 146 2
613 487 2
551 969 9
538 281 8
807 981 1
481 746 9
934 771 8
800 452 10
7 232 7
523 455 6
931 381 6
364 483 7
744 851 10
479 214 6
740 141 3
773 720 6
589 386 3
38 748 1
127 365 4
817 621 5
824 977 10
746 591 1
838 754 7
308 125 8
638 907 10
5 199 6
56 1000 10
871 428 6
370 701 10
314 453 7
78 141 1
321 304 7
269 916 3
884 722 7
321 855 1
380 13 4
138 690 9
935 475 2
781 663 5
355 94 10
305 265 4
817 265 10
969 960 10
322 230 5
115 516 2
826 669 5
984 181 7
102 552 1
424 220 4
553 91 9
398 513 4
696 499 5
877 978 3
212 485 5
355 113 4
67 444 5
664 888 6
238 723 1
117 385 7
691 388 10
68 328 8
78 265 5
574 185 8
156 669 8
428 515 4
479 254 5
105 306 2
808 552 5
725 441 7
152 703 2
1 331 10
56 766 10
198 55 6
225 254 3
761 347 8
883 755 5
606 824 5
436 794 10
898 172 1
608 717 4
618 508 7
787 784 5
314 258 6
398 278 5
276 141 2
218 521 8
407 2 6
469 740 3
109 977 8
187 758 6
140 877 5
468 443 8
512 262 6
22 179 3
436 562 8
947 304 1
930 281 10
903 407 8
906 310 10
968 821 1
457 283 3
427 940 10
522 2 3
500 105 2
292 238 10
554 796 5
544 132 6
736 849 3
617 254 1
786 482 2
798 70 5
322 932 1
645 424 10
596 335 7
816 316 5
907 423 7
748 679 6
960 167 10
739 232 8
620 208 4
725 56 7
859 651 3
491 691 2
484 147 7
368 185 10
445 219 9
340 673 1
373 188 4
731 521 9
427 173 5
212 379 7
857 25 4
725 317 8
670 613 5
639 533 1
65 474 5
288 850 5
126 28 5
142 2 10
226 409 5
674 995 2
327 253 4
55 230 1
63 991 10
427 198 8
953 575 4
48 850 8
945 848 5
135 551 8
879 299 9
331 626 5
665 973 6
81 111 4
887 232 1
895 374 4
162 73 8
854 33 5
150 911 3
707 127 7
121 728 8
185 745 9
144 384 9
36 448 9
281 985 5
357 54 4
406 959 5
570 878 7
903 522 9
246 597 10
593 429 5
675 110 6
8 84 3
577 819 5
918 731 2
257 755 7
916 468 2
777 164 6
786 330 5
892 2 5
885 390 5
606 104 4
320 956 10
873 2 5
408 206 10
235 308 9
727 892 5
259 801 10
628 165 6
443 90 4
265 760 5
823 178 9
524 318 4
968 636 9
206 746 2
743 680 4
475 702 7
390 854 5
33 579 10
821 883 7
410 696 7
212 610 7
392 971 9
510 815 4
296 58 4
332 129 10
568 396 7
664 381 7
993 827 5
333 730 2
875 213 7
126 990 2
459 1000 8
886 382 3
208 394 1
897 384 7
876 478 10
276 152 3
491 545 9
812 558 4
681 103 2
997 21 9
286 789 10
505 903 4
477 889 4
672 191 8
380 212 6
910 96 2
316 254 2
664 814 1
157 543 5
963 33 4
294 67 3
9 544 9
276 579 8
483 986 1
874 242 2
772 781 9
537 319 6
81 181 1
636 976 1
798 141 7
923 597 3
296 415 5
687 100 8
655 769 7
401 146 2
215 907 1
635 956 1
900 463 6
288 150 8
80 264 7
386 602 9
369 176 1
178 476 9
245 753 8
552 550 4
90 440 4
305 1000 2
889 293 10
778 252 10
212 579 3
415 381 2
614 291 9
512 390 8
189 114 1
1000 223 8
289 682 8
843 597 6
562 119 9
79 58 3
319 74 6
386 433 1
611 655 1
711 605 2
318 43 10
754 952 5
223 121 8
204 441 4
227 625 2
555 933 9
544 487 8
243 853 5
149 804 1
680 379 3
588 212 9
797 871 1
602 618 5
396 15 6
299 491 8
540 325 5
751 522 4
894 527 2
117 944 1
336 764 7
868 646 1
489 212 6
4 697 2
166 239 7
242 44 5
314 131 5
584 813 4
724 565 3
44 851 8
770 91 6
480 98 2
367 529 8
190 670 3
694 495 3
873 265 8
676 377 4
129 420 5
868 958 3
892 265 10
465 827 10
185 604 10
289 530 2
614 551 8
631 42 6
645 5 10
252 192 8
957 787 10
974 39 9
327 414 3
763 853 10
410 137 3
144 739 9
149 224 8
111 368 9
924 79 9
942 400 10
91 426 3
331 964 10
646 74 10
317 759 2
762 684 6
440 776 10
886 396 4
701 2 8
782 438 1
684 105 8
929 70 8
537 576 6
667 500 2
466 261 5
473 78 6
324 545 9
653 689 4
4 199 9
181 147 9
384 134 6
692 891 2
79 567 8
579 594 10
800 941 2
246 895 3
352 556 6
544 886 1
838 862 9
1 960 2
98 177 10
159 581 5
738 987 5
866 277 10
801 321 8
87 659 3
883 701 2
176 94 7
557 782 9
454 213 7
625 181 5
783 611 9
491 607 4
293 800 9
103 939 9
705 905 9
985 20 3
545 876 3
817 865 3
977 18 8
185 512 6
106 127 6
128 770 5
177 226 4
481 982 2
246 65 3
3 180 10
567 313 9
667 906 10
151 574 2
495 170 5
334 415 6
367 453 6
997 657 1
19 713 7
710 488 9
579 827 3
400 200 10
213 2 3
190 675 4
572 929 2
396 5 2
519 666 5
957 242 4
362 844 8
363 793 4
502 384 10
513 587 3
606 359 7
262 662 1
870 567 5
937 950 7
89 726 8
539 811 3
759 780 1
122 671 4
1 368 8
322 187 3
526 894 7
642 313 10
170 98 1
907 98 9
118 546 1
744 978 10
534 444 3
744 474 5
158 594 4
43 287 4
171 936 8
229 875 7
862 281 3
121 799 1
762 80 3
162 458 9
412 43 2
79 555 7
292 474 9
72 730 2
246 562 6
564 553 4
760 407 10
831 89 7
306 91 3
65 509 10
434 585 5
773 416 9
321 636 5
900 418 5
85 22 2
227 767 9
423 921 1
177 914 3
861 398 1
211 552 6
56 686 2
160 627 9
1 721 4
186 93 10
628 196 6
739 33 7
434 467 6
638 206 8
594 317 7
772 230 3
315 313 5
320 948 4
644 763 9
504 650 5
793 108 3
170 290 2
231 881 1
347 636 6
269 380 2
397 740 3
489 841 8
443 291 9
541 105 7
745 80 10
323 686 5
373 263 8
815 519 2
731 948 9
224 938 10
419 870 4
394 232 2
621 155 3
535 567 2
1 817 5
436 475 2
101 31 1
236 908 7
416 400 10
592 368 3
308 772 2
880 573 2
222 535 10
987 440 9
992 906 6
513 763 10
878 857 8
260 997 5
1 379 2
396 917 8
168 318 6
523 2 8
866 615 7
67 823 2
403 834 5
778 812 8
949 90 3
447 382 5
438 440 10
472 50 3
734 583 9
937 332 2
166 380 3
468 990 1
748 537 4
640 326 3
880 598 5
350 344 1
942 571 6
133 155 7
553 135 4
961 367 5
833 382 1
477 36 8
78 394 3
505 656 10
708 952 7
470 840 7
384 461 3
119 109 8
256 947 1
486 963 9
85 82 5
730 819 7
453 475 4
650 841 6
700 972 9
60 243 5
870 548 5
334 165 9
56 733 5
734 400 3
951 867 6
346 210 1
689 319 9
878 670 6
559 401 3
514 71 6
865 416 7
571 578 2
660 867 8
695 215 4
4 898 2
305 919 9
5 446 6
476 897 10
542 351 7
625 838 1
146 34 6
106 107 1
558 316 2
294 316 1
457 736 3
583 492 10
209 14 8
634 747 10
330 790 9
416 998 9
523 177 10
512 56 1
125 714 1
383 764 10
413 255 3
398 651 4
767 41 10
332 181 10
405 204 5
542 184 6
119 76 9
570 513 5
840 798 2
849 282 5
217 294 10
170 362 2
647 587 8
216 111 7
688 798 2
812 209 10
890 356 2
69 778 6
669 63 9
28 501 9
253 39 10
189 77 3
126 856 1
414 306 8
31 79 5
308 795 8
976 733 4
390 334 1
925 225 1
93 926 2
304 467 1
41 661 10
598 668 3
444 687 6
353 31 4
838 56 7
896 728 6
987 633 6
877 772 2
363 85 3
902 349 7
182 353 9
364 983 9
80 992 3
6 736 2
881 800 2
813 194 9
7 960 7
685 607 8
422 136 5
539 558 10
838 357 6
957 229 7
305 356 5
78 37 5
437 117 1
89 474 1
421 499 3
682 316 8
627 253 3
327 853 3
906 656 5
325 558 9
801 501 1
613 990 4
429 839 10
554 958 9
394 541 5
218 970 2
325 800 7
122 42 3
950 83 7
413 595 4
944 36 3
614 146 8
71 127 7
920 143 9
811 263 5
516 942 2
753 174 4
101 2 10
241 878 7
504 136 9
148 423 5
212 680 8
547 203 8
34 298 3
786 819 2
935 224 5
923 700 6
103 749 1
195 518 4
345 666 3
225 780 2
5 765 5
444 279 9
349 971 6
553 486 6
923 978 6
341 70 10
20 276 5
69 398 9
767 138 6
312 775 8
374 451 4
391 679 1
123 758 8
267 95 5
991 239 1
18 952 10
478 876 7
496 971 9
650 765 8
216 773 7
669 906 3
365 490 10
910 425 3
400 266 2
522 578 6
232 250 10
780 336 7
289 381 9
16 487 9
985 136 10
967 850 2
89 299 7
43 516 7
72 733 6
603 277 10
748 327 4
711 192 1
440 982 9
643 267 10
407 847 8
7 899 2
235 84 8
402 37 5
891 473 6
571 575 10
532 610 1
166 151 4
372 452 10
1 531 4
257 399 8
206 797 3
721 734 9
700 600 8
784 594 9
385 841 1
628 646 10
783 908 1
764 766 10
360 878 2
237 145 10
14 299 4
468 673 9
773 728 9
672 788 2
349 255 6
651 779 5
850 960 5
438 644 10
943 930 1
909 239 4
780 28 3
580 881 1
612 571 4
489 374 6
424 104 5
239 15 3
764 825 10
448 966 7
724 78 9
444 371 2
285 96 1
377 822 1
445 191 7
543 636 6
873 760 5
492 990 7
888 635 6
11 842 1
586 31 8
77 118 3
811 960 2
632 890 7
1 114 3
332 648 8
370 436 1
15 635 5
265 2 4
787 214 8
1 741 4
240 485 2
157 406 10
998 565 10
480 151 9
663 840 6
30 791 9
514 499 9
840 811 10
116 251 3
704 56 3
29 558 8
863 470 9
13 197 10
166 728 1
877 68 1
101 491 5
445 131 2
185 951 6
537 829 10
541 301 6
928 871 10
415 324 5
419 994 3
55 782 8
74 893 10
587 706 9
439 729 6
694 600 8
404 393 4
276 741 7
541 903 3
615 928 10
852 912 8
756 342 9
320 205 8
1 921 1
490 657 7
382 488 7
508 182 1
469 133 6
781 241 8
242 112 2
471 136 2
870 374 2
647 231 3
711 687 2
344 776 7
734 21 8
40 589 1
137 687 4
820 88 8
171 300 7
159 636 9
676 245 5
758 960 2
528 34 8
141 698 5
566 490 9
292 486 3
899 873 9
332 857 8
212 206 5
35 702 4
634 431 5
495 638 9
975 381 2
469 409 3
952 522 1
719 839 3
771 246 9
185 526 7
775 903 8
545 520 2
985 196 3
269 678 6
761 148 7
798 407 8
794 72 5
657 139 3
156 953 6
942 832 7
842 708 5
598 788 6
497 671 4
603 375 7
349 821 8
177 269 6
674 293 3
127 723 2
966 285 8
1 403 6
715 374 4
321 780 7
609 48 8
409 316 2
169 230 2
41 917 3
286 539 8
861 335 9
186 846 8
886 553 3
939 480 3
74 906 8
339 489 7
247 661 9
88 553 9
15 505 6
965 53 10
295 234 1
955 89 1
13 943 6
763 141 10
801 105 7
332 686 4
93 132 8
53 548 6
874 190 7
57 549 8
417 336 10
671 243 6
292 956 2
953 414 6
424 143 6
328 147 5
606 993 4
154 780 10
742 684 6
930 157 1
66 373 10
292 479 4
812 319 4
800 785 1
646 525 8
828 339 5
932 734 5
381 779 6
252 698 2
284 517 5
284 297 5
854 174 2
118 16 7
225 93 2
89 304 9
506 522 10
881 603 10
437 388 5
191 968 2
722 49 3
423 264 2
574 542 2
355 260 2
13 480 8
9 878 10
553 251 3
330 956 7
895 516 4
301 341 3
911 796 2
225 297 8
346 710 9
712 2 4
187 534 5
358 151 9
315 867 7
16 33 7
862 492 7
628 247 6
1 705 1
465 669 7
349 150 9
251 760 9
148 194 3
669 827 4
518 942 9
284 452 2
36 364 7
336 826 5
176 836 2
458 20 2
1 455 4
899 645 4
409 921 4
869 401 1
23 194 6
349 612 9
276 183 8
647 683 8
204 529 9
387 272 9
662 951 9
919 964 7
804 28 6
207 551 2
435 712 6
435 593 10
552 757 6
744 319 7
463 127 5
279 610 2
25 248 5
606 591 7
303 141 10
898 205 2
822 286 9
606 211 2
177 455 10
224 630 10
202 377 5
393 636 4
365 972 9
210 206 2
993 276 6
690 636 2
199 853 7
122 366 5
247 717 1
823 232 5
871 442 6
662 313 2
846 165 3
371 890 1
955 83 2
824 797 3
211 222 10
848 752 6
494 246 5
614 185 1
922 281 6
227 582 10
560 511 6
916 636 6
741 326 7
541 310 10
121 686 6
678 699 5
539 139 1
50 349 1
846 713 2
429 238 5
615 21 5
262 113 10
153 66 2
602 459 3
290 903 3
920 493 4
404 80 2
44 398 5
95 899 1
152 144 9
598 977 10
136 428 10
569 14 1
112 315 9
984 610 7
759 21 5
817 105 3
421 538 7
705 460 4
42 690 10
633 489 10
727 309 9
938 890 6
86 463 5
503 19 8
849 507 10
167 407 5
250 351 9
355 41 10
696 60 2
564 155 7
417 876 3
223 353 7
729 390 4
55 249 5
707 144 3
955 903 7
135 908 4
761 731 8
930 764 1
483 847 2
845 152 9
279 798 10
759 972 8
839 233 5
455 356 3
709 611 1
212 766 4
897 323 9
754 274 2
385 692 4
693 369 6
287 248 6
565 966 10
812 182 6
153 221 3
981 90 10
462 442 10
742 591 9
106 702 2
657 1000 4
424 976 3
853 39 7
601 965 10
763 295 8
514 328 3
164 991 5
281 974 5
435 787 8
749 931 1
987 621 6
674 107 10
668 434 1
738 288 9
471 890 2
17 304 8
769 236 5
510 274 1
250 254 9
17 967 2
208 33 2
70 158 8
158 702 1
317 369 7
954 910 1
12 154 10
451 506 4
822 255 3
478 749 3
33 35 10
387 370 1
27 242 5
127 394 5
74 853 6
491 65 3
926 975 10
864 894 3
202 566 1
364 59 2
747 303 5
533 290 5
701 151 4
345 664 8
805 990 10
747 637 5
187 681 2
213 527 4
478 512 7
193 578 8
16 72 6
953 829 1
573 508 1
739 426 6
363 468 10
73 622 7
458 134 8
601 982 8
948 740 5
370 666 1
151 397 5
341 798 6
940 93 9
983 200 4
509 644 5
836 490 1
632 136 5
870 142 1
492 324 7
917 990 7
263 704 7
687 503 7
682 645 5
949 565 8
174 65 4
538 212 3
370 699 5
337 787 6
806 636 10
997 14 2
332 344 1
94 766 7
6 416 3
764 206 6
150 477 2
42 998 6
814 220 2
41 792 6
401 341 6
963 594 5
994 40 6
812 252 5
533 98 8
199 945 9
460 767 7
278 310 9
586 839 3
545 564 1
971 177 5
549 788 8
220 642 8
181 37 9
512 140 9
590 696 2
717 268 1
501 39 10
372 972 3
167 578 5
127 762 2
336 440 1
287 935 4
128 101 9
448 197 3
774 857 10
179 234 7
842 663 7
599 917 6
781 243 9
803 568 6
60 407 5
644 438 7
670 417 7
310 594 8
718 959 9
682 354 6
861 144 10
592 572 8
488 730 6
626 589 2
977 398 4
26 764 9
409 667 5
917 28 8
366 966 10
956 141 1
445 802 3
473 969 10
500 2 1
670 15 10
131 927 5
133 261 8
44 536 3
587 501 5
596 313 9
527 575 5
364 279 3
910 906 7
700 325 5
120 292 7
579 966 7
161 285 5
520 220 3
384 70 6
575 594 5
210 825 7
542 577 5
103 701 2
141 500 4
597 981 1
699 819 2
124 818 6
336 54 6
898 153 1
331 560 9
835 754 8
870 151 9
516 539 5
635 663 1
614 5 7
243 501 3
43 751 1
651 737 9
382 100 1
785 320 7
324 235 5
746 35 9
802 405 2
813 610 10
680 105 4
72 56 9
941 576 7
686 47 1
594 193 8
935 627 7
722 312 10
874 367 1
735 53 7
519 207 7
299 98 8
885 420 10
586 515 9
419 647 7
333 160 1
221 654 9
938 781 2
32 127 10
906 688 8
84 86 8
711 557 3
1 731 10
560 920 1
625 910 1
811 778 5
467 652 8
331 167 9
466 543 8
847 416 7
876 921 7
656 303 7
220 998 2
180 330 8
575 884 10
224 784 6
925 51 3
180 197 4
682 125 2
45 236 9
998 308 2
7 656 1
514 572 5
350 209 9
137 280 4
356 2 5
850 232 7
880 123 2
77 967 6
936 894 4
261 789 7
775 921 8
353 493 9
67 787 9
233 856 9
143 273 9
972 690 2
983 645 7
330 89 4
4 607 9
775 269 8
69 606 5
896 579 3
74 640 5
292 260 5
52 779 3
913 325 4
563 642 6
248 959 1
691 421 6
747 260 7
203 99 8
475 505 8
844 295 3
744 13 5
467 850 2
608 165 1
856 971 3
738 254 1
420 527 3
292 58 4
868 956 7
392 85 2
815 578 1
80 295 9
718 303 8
858 477 8
608 332 1
510 149 9
918 861 7
834 939 10
491 310 6
520 704 3
856 188 5
945 146 1
7 228 6
851 882 1
194 295 1
670 336 2
667 352 2
508 16 4
550 113 4
709 409 5
189 312 7
317 733 1
336 735 3
731 663 8
72 335 6
462 767 7
693 179 3
162 956 1
271 823 1
353 649 10
668 849 6
535 728 10
602 376 3
76 152 7
777 835 7
590 572 7
992 966 6
662 594 7
329 728 10
351 158 4
709 642 10
821 656 5
904 883 10
609 570 9
137 819 5
58 187 4
886 351 10
957 764 2
503 303 8
447 606 1
763 811 1
828 202 6
595 862 4
646 279 6
217 44 4
864 235 8
413 175 5
814 204 3
597 175 6
869 34 2
180 60 2
931 920 7
881 164 2
25 470 4
546 707 2
435 975 2
221 2 4
183 755 3
206 33 8
598 605 10
739 289 6
132 928 7
469 496 7
425 633 5
1 806 10
718 871 3
76 773 9
230 293 4
674 343 2
804 534 10
385 100 8
664 481 8
751 811 10
930 458 10
890 667 9
653 195 10
14 852 3
842 860 7
95 729 9
933 782 5
426 954 9
778 632 1
439 302 9
599 611 2
31 665 9
905 903 10
840 265 2
827 643 10
45 920 1
822 505 7
966 306 3
37 966 8
657 463 8
505 141 6
973 293 10
55 443 1
700 395 3
623 265 4
57 999 1
704 75 2
599 122 3
483 503 7
978 107 2
222 144 9
657 918 3
925 164 9
363 201 1
22 672 4
697 965 7
8 973 1
522 37 2
336 798 4
511 386 2
196 198 9
978 62 1
442 611 5
481 565 9
335 882 1
991 760 10
198 817 4
865 896 7
556 949 9
671 302 8
637 139 10
847 318 9
422 515 4
78 578 9
757 21 8
654 806 5
87 878 1
236 572 6
444 159 9
1 680 5
312 880 3
770 8 2
273 183 1
495 855 3
818 384 5
733 312 3
548 413 4
852 929 1
1 248 3
230 526 5
896 614 6
372 611 8
487 449 2
452 680 9
26 349 7
49 354 6
245 843 7
804 913 6
182 42 6
419 43 7
497 867 5
983 808 6
572 551 8
220 466 10
99 379 8
246 726 4
59 183 1
567 60 5
216 691 9
409 105 8
122 313 4
657 654 4
394 731 2
895 881 9
593 520 1
156 848 5
532 384 4
480 955 8
544 941 3
450 476 6
671 593 7
633 226 9
12 80 1
790 70 6
425 757 1
675 848 2
387 283 8
185 155 3
655 194 2
303 327 2
299 993 1
705 581 2
34 575 9
89 767 3
283 219 9
482 896 1
754 156 8
595 669 1
498 30 2
957 871 5
521 197 8
277 166 2
721 618 5
286 994 1
492 721 5
320 812 1
367 50 9
154 103 1
558 385 5
794 527 9
143 515 5
441 164 2
336 257 8
830 880 6
685 799 1
930 302 8
819 591 3
918 123 6
713 902 6
636 310 9
538 340 1
624 825 8
466 551 9
469 74 7
84 509 1
346 577 3
733 848 8
694 496 8
388 165 1
589 16 7
652 773 4
200 118 6
314 638 5
107 822 10
684 760 6
914 278 8
260 986 8
704 178 4
73 635 7
892 301 10
21 356 4
791 439 1
38 485 3
275 997 2
302 105 3
429 160 5
245 656 1
660 590 6
896 164 3
478 681 1
931 716 7
130 382 5
215 825 10
887 215 8
530 134 4
261 36 7
602 584 6
322 152 6
402 684 8
875 151 8
997 259 2
164 260 1
347 604 9
803 270 3
192 955 9
921 267 3
873 903 6
577 28 1
939 949 2
589 65 1
738 855 7
428 236 4
864 967 7
801 985 3
923 556 10
222 192 3
655 602 7
45 537 7
349 30 4
566 971 6
941 129 10
330 522 3
589 467 8
471 422 9
243 591 10
334 729 5
893 199 6
579 78 3
901 62 2
84 633 3
48 591 7
368 203 7
382 199 3
230 405 5
316 779 8
94 654 7
883 306 1
308 22 5
850 278 5
171 778 4
612 801 5
787 167 6
479 71 3
577 966 3
267 283 5
620 919 6
395 793 2
560 577 6
235 369 6
389 980 6
80 543 6
830 876 3
297 956 3
635 35 1
511 2 3
266 712 4
204 733 7
513 232 8
317 425 5
306 265 5
232 313 3
584 181 10
192 2 7
928 61 5
366 673 5
940 381 3
565 792 1
964 193 1
354 931 7
923 83 10
743 576 9
350 470 10
199 295 10
474 39 3
832 210 1
628 228 1
362 87 6
275 841 4
946 167 9
504 967 7
149 962 8
79 548 2
92 591 1
142 734 3
504 257 8
675 569 10
593 721 5
967 347 7
640 594 6
519 280 7
537 567 5
596 793 4
543 368 2
809 180 3
847 194 4
871 87 2
593 342 1
97 364 2
119 614 5
538 736 3
636 301 8
63 477 6
128 207 5
546 965 1
189 951 10
95 399 3
76 13 3
368 608 4
547 176 3
714 265 7
890 808 2
547 201 6
444 335 5
600 661 4
941 205 6
306 2 3
144 340 10
808 36 7
608 349 8
239 254 10
12 10 9
153 594 9
694 372 10
806 373 2
307 252 9
342 653 1
855 312 7
694 119 5
344 59 8
987 345 4
165 711 9
469 280 5
64 231 4
582 865 6
862 446 4
735 634 4
309 213 7
732 699 10
772 392 3
818 974 8
275 367 5
815 882 6
180 309 8
406 692 5
716 497 10
656 253 9
927 811 8
549 551 1
902 331 1
813 782 1
335 296 1
473 394 8
468 482 3
579 723 8
522 310 4
576 917 5
531 947 8
211 837 2
97 620 8
418 357 4
699 426 5
538 522 4
526 529 6
786 667 7
909 207 1
931 134 7
618 589 6
56 551 2
173 465 10
670 422 6
394 2 5
558 279 4
225 346 7
978 271 3
922 682 5
946 656 6
768 750 7
46 513 8
209 433 1
73 250 5
144 538 6
791 975 10
99 712 2
746 551 9
675 555 5
202 454 2
199 966 2
812 814 2
141 2 6
393 790 2
321 895 2
10 318 6
767 289 5
578 105 6
793 99 5
84 641 9
321 751 9
391 538 4
1 943 9
412 675 6
286 894 5
653 3 7
569 379 6
397 2 10
170 121 8
561 677 9
62 960 5
221 176 4
988 87 3
399 853 5
255 164 10
799 203 3
233 933 4
648 234 7
925 329 10
344 720 2
665 126 5
268 237 8
764 452 7
375 751 10
133 380 3
54 185 2
29 819 2
716 289 7
227 868 5
893 749 6
132 195 5
61 726 8
190 63 3
357 426 1
929 167 4
268 357 3
652 28 3
168 214 5
325 14 3
697 882 3
767 718 2
465 922 6
104 229 9
488 39 4
350 382 7
655 673 6
72 340 10
967 825 6
184 890 6
125 986 3
482 210 7
310 2 4
383 25 4
308 683 7
435 404 7
361 740 10
73 832 4
780 20 7
3 705 10
862 913 6
710 513 10
394 177 9
489 939 4
845 214 7
60 394 5
765 892 3
299 642 2
688 952 4
994 265 3
971 394 6
892 39 7
398 378 3
376 70 8
59 199 2
819 893 10
778 966 8
981 375 6
845 127 5
250 747 4
217 538 3
524 191 1
211 2 5
241 627 3
325 534 9
445 720 4
303 473 4
750 593 8
943 431 10
404 439 5
599 588 8
488 123 1
517 340 6
428 636 4
506 3 1
584 71 9
932 426 9
38 876 5
727 386 4
430 429 10
416 502 9
661 643 2
433 145 5
758 402 8
113 571 1
749 982 9
569 2 5
785 401 5
137 213 8
418 592 7
668 679 2
930 831 3
26 306 5
643 64 4
782 984 4
997 955 3
336 167 7
57 108 7
965 147 8
55 472 5
597 98 3
370 294 5
294 424 4
179 499 7
89 517 10
288 656 2
464 752 1
988 74 8
133 397 4
491 849 3
104 445 2
75 293 8
630 884 2
969 243 3
579 384 2
28 474 3
926 420 5
56 535 7
752 627 4
787 376 3
464 361 2
467 752 6
439 891 7
109 204 8
478 422 9
403 309 3
751 438 1
786 711 5
65 543 5
894 888 7
763 911 9
247 714 2
235 48 1
209 76 7
924 723 8
635 63 2
95 517 4
862 291 6
208 790 7
806 302 7
736 454 4
275 952 10
954 780 3
164 74 6
814 643 7
590 752 7
1000 374 5
542 584 1
124 196 1
222 45 6
168 42 3
47 887 5
255 79 7
283 650 9
562 738 10
73 399 7
468 367 4
452 56 4
812 538 1
149 535 5
520 270 10
660 997 9
302 833 6
753 463 5
636 892 5
474 243 5
85 624 6
869 845 3
546 637 7
950 21 3
192 49 1
336 512 4
706 735 8
988 110 7
34 906 9
413 57 10
552 219 3
670 661 2
909 854 7
44 452 9
828 772 7
923 652 7
116 517 2
647 537 3
85 957 3
159 799 5
369 135 6
139 950 3
174 568 6
241 82 4
965 684 1
606 784 7
973 307 2
726 303 3
475 303 2
138 1000 1
416 80 9
371 300 8
973 633 8
838 975 8
748 960 2
27 993 3
92 472 10
177 925 10
350 816 10
748 969 8
700 476 2
919 656 4
715 11 4
34 817 9
845 647 8
779 892 3
132 975 4
533 178 9
1000 192 5
225 388 4
755 13 10
429 330 7
84 581 10
813 77 7
785 548 1
553 436 2
704 978 7
595 950 5
97 839 2
283 72 3
454 767 8
261 921 8
788 838 4
892 690 5
173 155 10
520 499 6
802 403 7
326 193 3
775 626 7
385 261 5
815 441 10
163 625 10
695 61 9
997 67 2
695 932 6
624 840 10
586 792 10
498 993 3
158 640 10
705 64 6
191 916 9
150 458 1
298 222 9
994 35 5
970 200 5
297 116 1
802 773 3
66 443 1
52 498 5
413 41 7
638 770 3
700 615 2
754 41 10
913 950 3
500 594 1
945 726 1
861 978 7
286 974 5
482 763 4
727 579 1
488 928 4
989 969 8
882 105 5
356 551 9
548 578 3
243 905 10
524 207 1
397 586 8
318 794 9
350 39 7
562 95 6
496 65 6
844 278 2
485 309 9
879 339 8
493 522 7
351 980 6
576 916 9
470 607 2
459 745 5
176 744 5
683 793 8
792 399 6
870 879 2
303 723 1
963 980 7
542 422 2
593 631 8
596 781 2
721 613 6
337 103 4
605 939 4
838 916 9
210 33 10
147 606 10
536 99 5
531 658 10
247 366 9
626 473 10
859 646 7
990 527 9
919 48 6
771 580 7
654 127 9
389 250 5
139 83 10
966 735 5
298 681 9
79 894 9
910 980 4
555 884 6
70 709 1
89 599 8
921 172 3
400 406 7
364 474 5
728 340 1
944 108 1
383 624 7
264 964 3
964 105 9
725 26 6
644 389 7
766 714 6
529 707 2
293 351 8
601 988 2
376 112 4
515 805 1
599 591 6
387 759 1
881 818 9
695 562 5
548 752 2
675 692 5
323 412 6
282 83 8
689 572 9
650 635 1
624 802 2
808 910 8
439 453 3
540 493 8
903 306 6
787 208 4
803 835 8
679 688 7
4 967 3
996 919 10
336 352 4
771 986 5
282 378 2
1 533 2
229 322 10
210 32 7
171 633 2
208 243 8
83 604 6
513 100 10
21 67 7
493 901 4
395 633 6
268 888 10
47 292 2
973 475 6
57 328 2
57 688 5
768 960 8
558 779 1
327 167 6
878 305 8
404 779 9
755 393 6
759 742 4
411 258 3
57 385 4
570 601 4
379 316 3
635 551 1
114 254 1
329 874 7
60 306 9
572 650 9
985 990 3
844 256 3
914 143 5
226 768 10
1 925 8
647 834 10
422 473 1
611 313 9
739 736 4
129 450 7
10 929 2
603 995 8
442 350 5
220 474 9
882 872 8
154 363 9
759 230 6
906 158 8
943 485 8
580 24 6
570 869 9
566 303 3
785 454 7
1 766 7
538 727 2
495 113 4
272 339 9
822 962 7
252 454 8
655 733 7
323 831 2
128 97 9
152 165 5
251 893 9
809 283 7
728 13 1
568 393 9
747 801 6
231 276 4
148 42 1
719 788 2
309 612 8
879 77 10
345 627 2
116 305 10
18 162 1
292 528 9
216 665 5
243 116 7
743 942 2
524 595 10
536 863 8
217 99 8
112 577 1
445 105 2
902 972 2
685 33 1
68 261 7
281 145 7
93 419 6
847 541 4
729 601 6
1 671 3
954 819 10
35 966 9
52 157 4
326 604 3
459 609 8
813 343 3
231 17 6
29 316 7
633 982 1
960 407 1
865 750 1
533 917 2
373 979 1
356 941 6
991 850 3
899 258 3
70 972 10
10 893 4
216 390 9
463 402 8
545 205 10
527 784 5
828 623 7
125 717 3
688 60 7
154 531 8
770 146 10
424 714 4
601 865 5
205 283 9
301 265 5
699 182 1
266 477 5
223 327 4
654 837 6
972 310 5
726 522 5
475 522 8
700 12 1
482 309 9
14 865 10
545 811 2
257 537 6
844 987 4
557 312 8
894 237 7
675 111 5
182 937 8
554 733 6
152 726 3
12 878 9
844 360 5
563 766 7
151 15 8
901 915 9
361 425 1
528 953 7
709 588 6
528 762 9
759 290 3
417 348 5
48 917 7
216 530 10
957 289 6
654 221 3
818 904 6
167 92 1
490 2 7
276 998 1
813 219 4
549 836 2
1 764 6
750 882 4
749 284 7
671 885 7
946 622 9
435 368 1
425 990 7
701 929 8
44 301 2
603 270 1
965 497 8
466 2 3
37 39 9
227 575 8
678 58 1
47 709 5
937 651 5
912 918 10
372 16 3
519 502 9
725 281 1
887 988 5
869 702 7
289 674 10
558 849 6
75 35 8
220 229 5
609 969 7
906 500 10
263 178 8
614 224 9
451 478 6
982 473 3
862 180 1
665 196 1
680 193 1
805 515 1
776 552 8
271 321 2
338 702 9
859 23 3
712 657 2
452 968 3
364 720 3
719 855 3
430 439 9
457 917 8
615 316 1
296 174 7
34 726 7
869 81 2
417 1000 1
923 207 10
720 432 4
640 2 6
253 64 3
344 898 9
183 316 1
857 345 6
733 708 9
114 42 9
404 767 8
653 494 9
447 561 2
540 166 7
619 591 1
455 162 6
244 710 2
5 876 7
178 78 6
537 158 6
823 2 2
850 475 5
103 813 8
532 28 10
948 187 10
95 145 9
448 610 4
875 417 4
906 231 5
423 770 10
669 829 1
202 955 9
455 669 6
595 322 9
733 945 6
153 2 3
903 886 6
71 683 7
772 163 8
989 807 7
438 897 4
455 965 8
29 914 7
757 294 9
202 659 6
173 254 6
964 37 10
604 964 2
89 364 6
557 360 4
765 571 5
678 332 1
843 664 10
39 407 3
529 453 3
336 473 8
10 817 5
118 612 8
115 353 8
834 603 7
845 897 4
122 798 10
811 295 5
443 603 6
700 64 5
863 185 8
732 805 7
551 474 6
730 790 5
579 432 7
15 892 10
657 876 4
104 944 10
390 979 7
123 903 2
606 891 1
551 251 10
12 428 10
919 134 6
941 702 4
617 301 6
921 739 1
456 628 9
532 223 7
710 435 4
55 775 10
616 355 2
27 616 8
442 932 5
258 211 4
397 806 10
640 265 4
352 642 6
744 707 6
943 265 1
634 929 4
999 869 7
239 265 9
517 38 9
4 136 9
42 848 4
72 34 8
780 2 3
487 740 10
625 718 1
812 758 1
793 305 2
425 352 10
80 340 2
705 83 5
693 804 10
853 301 3
198 409 6
806 323 10
214 727 7
877 969 4
217 535 3
49 160 2
62 819 8
106 337 10
538 677 6
264 63 1
604 60 7
722 228 7
932 727 4
190 107 5
805 979 9
337 905 2
118 56 10
551 591 7
562 402 10
410 194 9
510 354 8
438 221 10
188 385 9
973 839 6
1 652 2
849 278 1
419 106 5
222 220 2
104 16 2
346 757 1
455 9 3
725 708 7
103 22 5
182 955 6
202 2 8
1 384 4
745 382 5
808 64 1
312 164 9
937 609 1
853 903 4
894 801 10
68 198 6
719 115 7
475 264 6
307 755 6
561 381 1
821 408 7
766 351 6
464 83 10
417 196 2
441 657 1
299 335 8
340 86 8
642 295 10
742 114 3
797 69 7
26 987 10
186 10 1
978 130 7
387 733 1
287 303 8
988 102 9
309 33 8
109 213 1
770 32 10
711 195 3
158 2 5
46 923 7
530 682 2
690 316 6
81 457 3
617 19 8
56 243 1
241 224 4
476 153 4
963 384 10
973 852 4
505 306 3
470 319 4
955 982 7
275 425 5
629 325 7
942 751 6
269 405 1
42 206 1
168 740 6
506 715 4
720 152 9
343 139 7
592 230 10
893 594 2
506 846 2
954 144 7
539 66 3
758 51 10
883 421 9
841 883 6
293 11 7
71 665 8
720 650 7
913 363 2
230 976 4
761 416 2
219 767 3
6 932 10
44 666 3
100 790 3
876 995 4
250 527 4
632 15 9
708 454 8
215 162 2
145 982 4
930 490 3
558 505 4
622 925 1
70 640 7
935 32 5
729 597 4
682 146 4
409 74 7
498 921 2
828 2 7
988 193 6
147 123 10
345 790 10
872 913 2
1 650 5
788 985 2
852 2 2
816 884 3
928 971 9
948 579 3
313 940 2
85 595 3
650 913 9
107 592 2
556 436 8
609 336 3
384 179 3
685 372 4
959 75 1
517 486 1
671 270 9
327 960 1
99 284 1
202 91 5
366 70 7
850 980 3
748 929 4
676 787 8
254 141 5
313 105 5
320 703 1
782 228 6
20 601 8
169 630 2
729 773 5
578 882 9
847 969 6
294 381 10
651 474 6
184 463 10
203 37 2
847 960 5
832 384 8
774 93 1
842 222 5
178 534 3
901 315 1
357 116 8
663 474 3
153 603 1
834 747 2
1000 851 10
355 215 9
132 607 2
231 803 1
216 435 6
1 223 1
951 111 6
202 403 3
899 429 6
956 867 4
696 134 3
363 111 10
715 254 8
643 670 10
345 724 3
362 922 1
602 969 4
102 391 9
838 349 2
188 296 7
950 891 6
190 994 1
764 75 7
390 51 2
694 391 7
600 176 4
152 667 9
445 883 5
797 155 8
243 477 9
938 543 4
218 716 5
71 348 4
453 909 8
456 27 8
312 678 2
667 685 9
317 841 1
234 358 4
32 790 10
171 463 4
167 878 9
22 199 1
925 617 1
88 541 8
208 575 4
530 259 1
705 686 10
793 371 6
681 678 3
772 925 7
458 351 6
18 485 1
685 452 9
767 568 9
125 454 1
99 50 5
75 669 10
270 15 9
699 956 10
345 251 8
849 468 2
985 876 2
834 937 7
336 551 2
347 684 7
621 271 9
211 358 4
456 343 9
476 646 8
820 828 9
28 475 2
528 942 6
969 340 3
358 929 9
89 504 2
84 542 2
696 402 10
831 92 4
714 792 7
809 800 4
54 745 5
507 483 10
328 863 5
117 716 9
584 595 4
287 269 5
968 247 9
208 680 1
846 496 9
87 806 7
355 297 2
622 748 2
475 105 3
467 742 2
750 16 8
600 137 3
263 525 10
696 945 8
95 571 7
15 301 5
477 206 8
614 592 8
455 5 8
563 991 3
468 678 7
922 353 6
573 41 3
550 293 2
44 224 8
626 262 9
603 36 9
706 370 9
386 96 3
799 858 7
591 960 1
871 220 9
603 612 3
857 307 9
829 575 9
153 781 10
524 39 1
158 141 1
379 501 2
573 204 2
22 375 9
616 450 2
994 640 9
164 651 7
121 192 6
705 243 6
53 645 8
852 567 2
16 164 1
245 668 2
256 277 6
572 199 8
264 702 2
794 219 1
506 453 7
850 2 5
666 489 3
693 2 7
579 70 2
838 796 2
980 311 3
192 732 10
812 25 9
75 513 10
384 167 10
795 870 8
321 10 6
676 961 2
437 973 4
415 650 7
532 180 6
276 163 6
964 882 3
769 643 6
655 682 6
881 28 2
743 60 5
223 374 10
449 751 3
603 810 8
973 896 5
227 895 7
925 635 2
299 557 2
513 488 9
540 141 9
197 855 5
876 844 6
92 644 9
167 30 4
522 797 3
857 238 9
918 991 2
586 754 8
10 475 8
84 933 3
212 146 5
883 860 1
62 161 7
227 501 6
322 994 2
737 835 8
413 340 3
255 139 2
997 678 9
880 959 10
73 893 5
399 257 9
682 464 10
589 146 1
709 963 7
280 229 6
633 774 6
777 469 5
399 738 3
502 541 7
854 440 6
145 56 4
529 611 4
605 759 2
309 892 6
1 47 3
333 28 2
181 819 5
954 935 4
418 873 10
782 91 5
861 726 10
106 989 6
433 304 8
967 901 3
479 236 5
303 969 8
48 379 1
257 579 9
688 306 5
798 653 6
837 169 8
820 385 8
711 266 3
128 679 3
632 733 6
254 2 8
665 839 10
283 834 1
339 535 1
157 741 9
888 623 1
753 773 3
807 738 4
6 108 1
987 11 10
651 242 5
565 852 8
547 384 6
674 527 1
499 2 2
931 771 3
589 406 1
217 424 6
108 79 10
529 75 2
637 762 3
774 9 7
441 886 1
586 49 4
743 827 6
100 105 1
984 929 9
903 964 5
258 375 9
149 816 1
948 782 2
750 514 9
578 407 7
81 380 7
456 471 9
889 766 8
700 385 1
748 702 1
892 36 10
479 82 6
196 613 5
948 283 3
102 61 4
388 487 8
649 488 6
568 57 8
743 960 3
253 301 8
133 860 8
607 167 1
114 740 7
112 762 2
314 106 6
685 426 3
104 914 2
26 279 9
921 212 1
131 186 8
100 559 1
885 753 10
571 453 2
802 2 10
795 942 9
376 986 9
605 63 6
428 935 7
343 974 3
707 64 3
349 213 4
794 520 5
679 945 9
111 873 9
496 950 10
906 541 6
835 507 6
303 254 6
851 973 4
784 548 7
913 711 9
176 320 9
61 735 3
526 792 4
47 991 9
946 2 4
897 568 6
303 827 8
438 625 4
739 86 8
504 304 10
198 150 9
460 910 2
489 566 3
115 399 7
691 900 1
183 220 1
234 139 5
995 386 3
245 599 6
456 926 10
108 450 2
527 779 8
613 515 10
570 449 9
906 167 3
279 500 1
746 994 3
730 962 3
24 732 5
824 8 6
202 678 2
137 704 2
349 12 8
229 16 1
284 658 10
341 158 6
514 902 6
778 387 2
488 317 4
162 191 5
678 799 6
212 56 8
428 582 5
485 473 3
239 945 8
846 613 7
937 859 7
297 255 10
679 558 7
412 650 4
441 638 5
391 122 10
979 588 9
170 908 1
844 807 6
35 341 10
168 438 4
703 456 8
536 3 2
530 647 3
1000 113 5
807 820 8
80 980 6
377 519 10
58 501 9
714 15 4
829 393 5
270 929 10
660 675 8
517 354 7
311 74 5
351 623 3
671 409 4
246 565 3
272 874 7
668 89 4
125 367 3
205 68 9
823 717 7
4 996 3
927 858 4
316 760 3
686 326 1
882 868 5
166 617 4
86 373 8
780 800 7
978 109 5
932 629 1
999 527 1
1000 499 1
45 445 9
538 779 5
910 416 5
657 942 7
787 282 6
853 760 10
266 50 8
337 557 10
613 48 8
679 461 7
717 81 5
253 501 6
9 409 1
489 539 2
159 407 8
402 840 3
106 164 7
114 377 2
962 310 3
186 58 10
269 560 10
510 415 9
524 748 9
885 277 4
857 644 6
511 628 6
966 463 9
188 769 6
642 134 10
456 77 10
555 845 4
349 540 5
800 685 10
400 925 10
769 371 8
333 920 5
484 300 3
605 176 1
995 937 1
642 527 9
91 687 3
812 583 7
537 552 3
606 957 2
723 264 1
830 589 8
303 394 1
548 790 4
583 417 1
624 218 4
460 356 6
560 196 8
864 977 7
758 663 5
502 698 3
716 144 6
16 883 7
926 789 10
417 384 2
704 522 3
691 405 4
572 811 2
381 239 5
38 326 1
556 814 2
978 757 6
803 516 6
889 743 7
537 702 3
369 89 10
520 652 8
770 3 9
388 892 5
49 360 1
317 927 7
876 629 7
907 3 6
268 643 10
341 964 8
945 501 4
53 905 6
938 184 6
420 791 6
578 760 9
625 611 9
308 934 2
542 153 10
110 594 7
534 256 10
700 857 5
351 890 4
713 737 2
969 332 8
72 938 2
216 994 6
16 480 4
118 611 5
825 501 5
635 867 4
6 587 7
703 887 10
399 640 7
900 971 8
354 849 10
799 590 9
964 578 10
975 316 10
351 986 10
551 726 7
24 247 9
763 906 4
480 635 2
648 44 1
171 570 1
304 690 8
752 105 2
346 35 9
223 1000 8
87 788 8
173 672 6
442 407 5
592 474 3
556 888 2
372 847 4
55 854 3
61 399 1
573 704 4
352 784 10
586 394 9
796 338 1
34 684 10
407 677 5
946 169 10
840 167 10
561 630 2
206 680 5
869 683 4
909 193 4
487 551 10
215 464 4
62 593 1
215 968 9
938 394 3
808 550 3
690 578 2
374 37 3
511 879 6
709 865 9
924 334 3
799 960 8
257 113 3
394 798 8
468 190 2
149 565 2
591 500 2
798 99 9
875 254 4
619 480 7
69 332 6
281 176 3
296 343 8
145 538 10
258 689 2
147 400 1
688 15 4
217 905 7
280 467 7
945 903 8
224 933 5
414 558 4
835 384 7
656 770 9
872 969 2
678 563 2
845 775 6
204 2 9
708 579 10
688 341 4
400 861 6
944 921 10
125 370 5
970 988 4
800 659 10
866 56 10
718 193 2
34 253 2
42 733 2
10 51 6
550 457 3
272 240 1
698 842 5
465 502 7
273 611 4
564 402 2
749 856 5
460 252 3
206 962 5
743 952 7
136 772 1
895 626 8
496 437 1
785 781 6
551 8 1
221 990 9
653 758 7
583 569 10
379 105 5
226 422 9
55 276 10
619 637 6
250 208 1
353 889 4
880 80 2
894 802 1
577 196 7
590 790 10
481 544 7
151 534 2
293 313 6
551 753 10
833 828 9
792 628 10
264 673 6
393 991 7
756 419 1
834 73 6
256 883 4
792 167 2
599 963 4
719 911 2
657 278 6
641 24 10
768 698 2
718 833 10
556 664 7
208 607 9
285 591 7
19 705 8
317 22 9
97 217 5
572 402 8
15 133 4
364 407 8
580 286 1
754 713 9
303 500 7
213 543 4
360 16 4
426 925 7
367 618 9
154 58 3
119 174 9
384 306 2
971 174 9
291 853 8
931 271 9
854 603 9
95 48 10
538 938 9
465 847 1
680 696 4
322 793 4
688 536 3
38 718 6
400 609 6
751 158 6
337 101 6
981 903 4
74 341 10
452 123 5
462 544 8
366 688 5
682 718 3
590 825 6
395 621 6
935 816 6
605 215 2
355 184 8
717 33 5
403 651 7
620 879 5
226 138 7
441 178 5
61 428 10
871 839 7
768 75 6
381 830 7
674 319 7
941 780 3
215 329 1
883 147 7
872 660 6
930 249 9
134 327 7
304 930 3
524 934 5
971 161 2
91 39 2
352 219 6
68 42 8
295 966 7
530 338 1
52 528 4
855 476 3
644 392 6
74 30 5
846 500 5
820 757 1
184 241 2
622 186 2
828 378 9
520 390 3
564 961 3
491 40 10
656 723 2
807 514 10
101 850 4
621 277 7
659 18 10
809 835 8
165 788 7
414 229 7
919 269 1
454 913 9
380 412 3
227 708 9
420 477 3
33 2 10
678 109 3
615 622 8
730 379 8
833 890 2
931 883 2
401 871 7
42 60 5
443 213 3
737 318 9
262 119 10
523 121 10
546 773 6
620 552 10
295 541 10
543 853 3
742 262 4
517 384 5
129 902 3
964 806 10
811 760 10
989 5 7
125 615 3
375 72 2
732 29 7
507 441 1
978 838 9
981 967 7
329 452 8
922 823 5
715 784 1
441 840 6
186 989 4
474 579 4
955 884 4
985 971 10
592 461 5
379 558 6
986 673 6
417 554 6
899 596 5
65 341 7
494 655 2
289 548 6
310 501 9
348 578 7
979 142 5
50 928 3
917 522 7
122 963 5
94 266 5
176 305 1
394 37 6
347 2 2
745 818 1
616 44 8
749 702 4
461 604 3
961 727 8
867 395 4
970 984 8
192 25 6
736 766 9
56 292 10
587 818 9
340 640 2
758 206 3
344 2 10
914 684 7
482 917 7
707 454 2
230 333 10
280 824 2
555 767 3
82 266 8
961 469 4
595 804 2
299 551 3
740 880 5
18 684 9
796 926 2
558 977 6
366 522 7
995 316 3
15 266 4
796 246 2
293 822 6
617 271 1
976 648 1
709 55 1
706 741 4
211 301 10
330 638 5
445 650 5
818 227 7
948 253 5
600 305 7
379 640 1
106 578 10
76 251 4
143 185 4
503 744 4
590 34 10
946 480 10
20 471 1
330 278 5
730 579 8
525 500 3
598 988 5
392 349 6
523 280 10
794 24 9
6 438 3
402 498 5
175 506 10
792 490 4
562 689 10
307 167 8
592 358 6
507 669 4
628 36 3
896 494 1
394 501 5
158 578 1
620 232 9
393 164 10
263 530 4
932 353 5
188 94 2
588 535 7
661 482 8
471 146 9
22 315 6
502 122 7
757 2 9
655 218 10
1 160 8
548 811 9
762 263 9
598 712 5
177 750 1
243 827 1
518 86 3
528 144 5
777 964 1
572 790 4
143 56 9
529 569 7
922 279 6
406 121 5
187 277 1
172 223 4
305 330 8
537 18 4
980 696 10
23 371 9
488 763 7
135 488 7
556 300 8
367 22 10
460 2 7
159 918 9
767 577 9
815 657 9
340 134 6
840 39 1
95 17 1
276 763 1
281 862 1
639 831 10
925 938 8
243 594 8
989 844 4
91 558 7
824 55 1
692 691 10
373 484 1
400 353 5
775 909 9
947 841 6
520 115 7
123 688 8
348 760 7
706 963 1
703 299 3
140 482 10
688 604 8
938 284 8
949 431 3
124 287 6
874 938 10
225 446 7
355 447 7
326 785 1
173 639 1
778 276 8
176 338 9
728 194 7
150 134 4
936 276 8
769 625 2
609 140 1
938 146 3
657 32 9
357 202 7
109 462 2
269 382 10
76 106 4
27 777 2
26 962 3
96 693 8
781 827 3
32 461 2
401 213 9
803 265 5
569 86 8
256 984 5
911 250 2
17 491 10
142 791 7
212 155 10
563 2 3
472 273 8
110 24 1
339 668 3
12 817 2
211 857 8
377 705 4
119 568 6
80 7 3
454 500 3
716 778 10
998 640 2
285 111 4
293 547 7
636 746 1
884 68 8
587 246 4
509 218 3
263 889 7
183 493 6
554 453 2
122 522 5
374 423 8
718 473 4
281 74 4
531 384 7
559 850 9
285 527 6
477 70 2
101 636 5
701 452 3
242 573 2
570 978 4
421 970 2
256 153 8
780 993 6
472 693 4
633 405 5
752 134 2
805 333 7
80 994 8
852 736 7
841 141 7
765 665 6
216 893 3
301 873 1
787 950 7
519 738 2
267 400 8
73 595 8
951 872 6
232 578 2
432 309 7
786 1000 7
473 105 5
412 921 1
368 165 5
587 471 1
622 457 3
976 734 7
871 68 4
947 997 6
489 215 10
298 968 6
350 465 1
366 607 10
63 310 3
390 931 4
422 357 1
55 397 4
854 521 9
331 741 1
958 995 2
371 998 7
816 297 7
63 673 3
897 732 3
195 371 3
408 464 9
418 692 1
360 725 7
865 192 4
948 168 6
393 853 6
375 169 2
774 84 9
771 344 2
550 132 1
504 357 5
629 912 2
422 452 2
9 522 4
803 574 3
373 689 10
809 993 8
706 544 7
848 906 6
400 999 2
215 763 3
168 639 5
142 759 6
533 4 5
584 366 10
796 731 8
824 765 5
623 770 4
144 396 7
224 798 3
958 420 3
462 813 6
113 599 5
448 479 8
36 478 8
897 244 10
711 423 4
92 312 5
472 444 10
123 980 10
129 57 10
982 755 4
312 730 3
66 253 7
291 575 3
832 331 6
485 248 5
991 15 10
709 907 1
465 401 6
9 795 10
950 60 5
752 798 2
516 37 5
914 375 4
460 106 1
994 105 3
665 41 2
721 457 9
252 588 3
197 572 6
445 864 2
549 157 7
120 706 7
498 567 2
861 55 2
160 996 10
326 219 6
510 631 4
259 736 9
402 232 6
432 201 3
574 883 7
589 683 9
447 225 9
100 842 10
954 943 8
168 499 7
379 199 9
794 982 1
27 587 8
300 43 7
573 130 5
627 960 6
728 580 8
663 134 2
292 577 5
979 824 3
440 2 2
662 173 7
516 751 1
869 528 5
715 191 3
252 200 7
339 465 6
242 636 7
702 640 7
413 73 6
546 945 3
351 474 10
80 970 3
581 777 8
725 147 9
622 845 9
585 778 1
844 477 10
373 97 7
516 835 8
935 703 9
51 604 8
778 218 7
578 265 8
364 67 1
37 798 3
935 473 2
986 848 5
774 482 6
457 977 5
865 274 9
852 212 4
332 275 8
57 513 9
65 464 9
19 116 6
402 292 1
543 379 1
994 591 5
937 500 5
832 563 4
40 54 7
981 76 2
794 801 10
939 941 7
593 486 4
119 430 9
334 719 10
599 937 7
76 718 8
853 35 3
654 88 4
788 152 10
323 261 1
916 23 9
95 420 8
181 952 7
5 873 9
936 626 7
471 280 1
936 413 5
998 656 7
320 748 7
379 725 4
358 568 2
536 951 10
467 576 6
34 78 9
343 86 9
542 959 7
905 964 5
915 734 1
615 423 3
51 650 8
398 656 4
967 386 9
518 391 2
771 393 4
459 394 6
829 2 10
873 158 5
120 676 9
87 94 6
805 356 7
639 289 1
965 830 4
236 134 8
196 791 6
256 177 5
249 908 3
64 770 10
300 880 10
127 743 7
14 993 6
364 610 5
963 743 8
731 694 10
482 833 10
564 916 8
402 167 7
456 557 3
847 335 10
390 392 9
69 142 6
550 600 8
275 786 2
301 172 9
435 534 3
369 688 4
953 573 2
349 55 5
230 58 2
571 876 8
584 912 10
674 554 4
423 351 4
741 949 7
613 922 8
531 970 2
144 702 1
383 246 4
361 525 7
548 475 7
595 273 6
902 815 1
282 640 4
882 265 9
837 523 1
179 483 8
186 765 1
794 372 2
166 434 2
957 512 7
544 591 8
842 642 4
901 224 7
772 951 8
607 779 2
556 137 7
727 220 6
72 920 10
90 873 9
137 580 4
481 654 2
231 275 1
486 49 7
275 634 8
249 144 1
187 378 9
455 66 4
439 428 4
845 116 5
261 809 3
553 625 3
847 74 10
785 220 9
558 158 9
203 773 3
401 764 2
618 378 2
543 35 4
44 595 4
815 278 7
273 596 10
213 398 10
977 151 1
635 651 10
567 157 6
416 798 1
50 672 7
255 470 10
950 500 3
108 769 8
257 753 6
749 681 7
490 157 6
132 654 3
844 436 4
845 875 2
208 747 9
459 158 5
596 264 10
582 261 1
487 185 8
929 505 6
338 535 1
305 710 5
125 946 10
318 688 7
212 551 4
62 148 5
907 233 3
396 493 1
601 986 2
320 998 2
804 521 10
621 10 7
35 578 2
372 2 2
826 684 6
882 2 8
82 369 4
781 201 8
892 964 3
772 792 1
604 840 2
740 60 10
438 856 8
822 537 9
865 748 1
761 224 9
849 863 9
639 696 6
691 382 8
337 520 2
475 34 9
501 265 8
764 994 2
578 136 1
713 996 5
749 942 8
564 108 4
512 574 6
696 588 5
509 819 8
659 52 6
601 272 1
813 832 6
295 278 8
972 459 5
426 186 10
1 670 3
64 301 3
454 250 10
877 856 4
461 802 6
83 475 9
79 966 6
112 119 9
655 707 8
220 414 9
38 158 9
999 510 6
775 722 2
292 635 5
793 425 1
207 393 10
376 674 6
57 729 4
517 967 8
226 45 5
674 251 9
985 328 5
469 433 7
554 859 4
646 663 3
1 916 8
183 537 5
872 613 10
451 561 3
979 104 10
351 799 3
311 542 3
210 710 8
148 442 2
689 845 1
533 63 3
790 161 5
438 96 1
654 928 4
970 485 7
816 188 8
107 23 3
333 39 3
967 2 3
136 944 4
880 160 2
664 857 6
974 20 4
860 718 10
447 631 4
188 199 5
998 72 10
961 149 6
175 566 6
425 856 4
233 48 4
874 162 4
243 541 7
463 209 3
634 973 10
101 451 4
173 573 8
924 18 10
222 478 6
506 673 5
278 541 6
535 420 2
833 271 8
327 604 9
554 928 2
378 950 6
94 757 3
20 499 1
730 134 8
958 338 9
110 823 7
675 294 9
598 117 3
156 563 1
296 178 10
874 436 4
357 197 9
794 699 7
484 972 1
952 723 3
481 54 3
902 867 9
603 904 6
158 57 8
876 791 5
114 163 4
639 25 6
468 458 7
394 991 5
990 944 6
534 715 10
310 407 10
271 948 3
223 234 4
962 646 3
325 335 9
664 923 9
911 638 3
719 477 2
770 334 10
595 247 7
93 470 5
79 28 2
971 215 10
783 662 1
875 267 5
1 778 10
880 48 4
984 335 1
762 541 3
418 927 10
540 37 3
845 641 4
580 913 7
270 535 6
982 409 4
16 638 6
463 799 1
98 590 7
831 845 4
939 695 7
659 464 8
922 598 7
947 584 1
562 949 2
988 184 5
775 155 3
135 272 5
131 664 1
486 360 1
364 798 5
260 779 5
561 447 4
691 477 1
749 926 5
494 787 5
162 577 9
277 822 6
177 66 9
143 905 4
620 671 6
310 578 2
295 500 3
981 663 3
846 990 8
172 311 4
757 109 2
571 867 8
974 446 8
809 607 10
590 610 8
461 453 7
233 705 3
918 307 6
256 337 7
365 2 4
811 470 2
558 473 9
279 39 5
906 188 2
581 704 5
970 781 3
845 395 8
573 70 7
824 820 5
593 532 3
187 790 4
4 230 2
980 568 4
815 807 7
776 267 10
556 904 4
195 185 1
279 844 9
554 466 6
315 592 8
293 850 10
870 122 2
964 798 8
997 931 3
378 316 6
1 389 9
90 563 10
691 93 2
291 243 8
751 499 9
141 578 3
272 99 2
497 743 8
980 651 9
788 804 6
233 781 7
455 960 6
932 788 2
12 519 8
571 635 5
977 631 2
431 38 3
111 67 2
152 282 8
535 568 8
291 679 6
704 389 5
821 96 9
83 967 9
5 102 1
257 319 2
459 278 9
633 201 2
817 240 3
322 398 9
114 284 8
421 79 10
331 204 4
453 626 6
780 706 10
642 950 6
704 104 10
641 408 7
449 783 8
786 518 9
225 208 7
283 361 6
82 877 3
4 667 3
923 759 1
490 356 9
633 524 8
904 511 9
586 430 2
102 646 10
96 208 4
985 582 7
709 728 9
31 931 3
705 401 8
452 42 3
446 340 2
372 576 6
403 276 1
409 990 8
560 805 5
43 426 10
368 554 6
454 167 9
553 762 3
400 714 1
439 219 7
116 483 3
499 751 6
23 558 10
679 680 3
881 677 3
274 861 3
726 7 6
325 508 10
949 199 9
432 939 4
962 164 8
167 500 9
259 331 1
105 265 3
19 412 9
145 15 4
99 459 4
397 64 2
952 278 9
472 196 8
665 323 6
779 929 4
1 50 6
923 710 3
817 723 3
194 687 1
832 627 2
475 853 7
196 292 5
894 43 4
375 507 5
274 600 3
295 964 7
757 327 8
77 752 1
217 763 6
295 827 2
588 193 10
363 769 8
642 919 4
259 251 8
134 31 8
889 915 1
948 944 7
232 301 1
88 547 6
165 326 9
686 821 5
359 551 6
577 873 6
208 656 4
224 2 3
74 291 2
395 105 2
369 111 2
786 708 1
130 205 6
872 429 10
194 499 6
836 272 10
673 199 6
473 882 5
59 307 1
437 906 3
895 987 5
976 561 3
250 736 3
596 704 8
520 202 9
472 601 3
64 35 4
267 335 9
904 254 10
167 158 3
540 239 5
81 822 7
721 324 2
442 979 3
202 689 10
160 232 3
348 550 3
687 465 5
358 381 1
982 122 8
212 638 7
189 61 7
509 823 7
861 228 6
103 418 4
986 366 9
819 541 3
657 328 10
403 74 10
497 704 6
154 298 5
730 945 4
841 273 10
198 911 1
646 402 10
110 103 9
724 533 8
892 698 3
747 197 9
462 109 8
118 539 5
908 441 10
591 39 1
584 203 8
542 667 5
652 178 5
365 23 2
924 430 8
454 396 1
298 267 6
730 708 10
611 651 6
234 752 3
991 952 5
271 217 10
452 288 8
333 758 8
78 541 9
1 769 10
578 967 8
717 92 1
258 622 8
949 143 6
789 359 7
534 188 4
81 645 4
474 238 2
566 937 1
729 303 9
8 770 9
642 236 4
480 780 7
266 855 10
732 795 7
630 850 9
919 591 8
816 629 6
374 984 9
388 118 7
677 847 10
221 968 5
22 885 5
105 2 9
56 640 8
304 599 10
495 592 7
343 760 4
325 24 7
652 917 6
377 896 8
613 985 3
925 606 6
801 330 1
864 935 3
311 203 4
303 893 2
281 144 9
275 862 3
797 383 7
812 60 8
810 107 7
14 4 9
807 393 1
280 141 3
631 54 4
572 752 2
151 434 10
776 925 9
654 789 6
824 456 4
945 70 3
855 230 6
371 891 9
278 78 10
298 981 5
544 455 8
951 865 9
486 716 3
759 772 7
214 42 3
388 176 9
27 113 3
909 750 7
134 853 10
740 28 6
724 575 1
443 234 10
458 443 4
292 351 5
983 939 1
185 637 6
155 841 4
702 141 8
752 663 2
137 864 7
543 384 6
915 561 4
381 768 7
477 515 8
15 604 4
993 461 9
999 549 6
139 282 6
460 986 2
10 177 7
154 456 4
454 673 5
929 604 10
893 892 9
71 116 4
90 37 5
864 803 10
374 29 2
682 879 7
251 577 7
406 690 7
929 917 9
94 378 5
66 33 8
564 349 5
210 740 6
87 556 10
250 480 2
431 741 9
684 291 9
871 869 8
276 541 9
22 738 2
953 270 5
25 561 9
758 825 10
896 464 9
686 715 3
904 330 4
195 24 4
816 270 6
674 919 6
344 804 9
684 60 4
118 60 4
835 522 2
451 679 10
567 991 9
516 540 7
119 227 5
767 387 5
893 666 2
164 763 4
388 876 4
815 399 5
727 260 4
1 370 9
843 952 9
507 935 1
22 428 7
38 651 6
263 793 1
347 781 1
689 27 4
845 814 7
636 341 2
619 580 1
205 726 9
790 317 10
669 98 9
225 129 4
179 749 3
583 436 1
289 416 5
898 36 9
571 306 2
1 866 4
913 2 9
389 441 3
659 557 10
439 311 9
968 956 7
817 312 10
649 805 8
911 733 3
155 31 3
56 393 4
89 932 6
192 119 9
198 560 2
421 937 3
543 527 7
122 251 4
632 464 7
779 15 5
583 885 4
391 309 9
944 705 9
582 590 6
435 336 8
447 685 9
910 962 6
859 253 1
429 17 1
1 936 1
270 755 2
856 976 7
101 33 10
837 531 10
999 361 8
714 859 3
405 599 8
169 320 3
900 233 1
898 707 1
423 722 1
790 572 6
803 580 3
940 345 1
304 465 3
236 401 10
260 466 2
187 559 1
923 912 8
642 213 10
560 975 8
1 613 2
178 928 3
7 952 7
503 721 10
921 515 10
221 215 9
948 546 9
566 688 6
325 191 2
767 250 3
519 265 10
108 734 6
437 63 10
495 415 2
291 591 3
629 778 3
269 982 2
640 407 1
639 849 9
989 452 6
13 617 5
923 339 9
687 500 5
305 924 10
726 579 5
884 915 3
41 250 8
878 941 1
48 533 5
98 505 6
263 990 2
27 571 3
975 738 3
36 944 5
113 994 4
221 372 1
612 955 10
357 471 6
323 330 3
200 736 8
988 221 6
582 876 10
891 910 8
100 152 9
396 937 2
168 338 7
299 506 5
997 260 10
996 1000 9
733 310 4
369 644 1
124 89 9
410 686 3
681 392 3
934 312 3
142 46 3
311 930 4
780 752 8
60 673 10
659 660 10
431 991 9
740 733 10
214 964 3
66 333 4
873 702 4
281 443 3
559 175 5
767 952 5
434 387 9
343 226 3
352 879 4
483 180 3
544 697 7
299 716 2
802 975 5
670 198 9
607 74 5
229 852 3
415 591 1
428 189 10
931 873 2
450 115 1
146 755 10
508 716 9
533 498 5
573 7 7
297 628 5
774 911 3
723 640 5
15 827 5
276 761 7
507 33 8
195 789 8
107 507 6
287 945 4
790 469 3
836 772 8
722 674 3
835 607 8
212 232 3
698 206 8
472 654 3
185 58 6
550 727 5
424 538 6
733 239 6
913 896 8
909 127 4
56 130 10
160 792 1
426 118 1
246 897 7
300 775 2
608 254 5
170 155 6
203 431 10
284 842 2
470 765 8
969 781 3
334 617 5
608 468 4
765 867 9
829 945 1
631 842 8
239 963 5
536 6 10
981 2 6
624 732 2
291 105 10
522 341 8
672 949 4
248 500 8
726 265 5
462 217 3
950 28 1
462 830 2
95 79 2
347 208 4
175 311 6
430 929 2
74 543 7
610 567 2
182 578 5
881 373 7
7 335 6
907 63 3
291 474 8
327 840 5
391 964 3
56 104 7
581 224 9
78 193 1
589 617 6
55 337 7
438 188 8
100 348 5
567 64 5
59 414 7
984 538 5
316 829 2
108 98 6
444 650 6
404 244 8
941 383 4
858 614 2
38 76 2
667 314 6
235 916 3
31 124 4
408 429 8
1 851 8
918 656 8
759 120 2
523 639 8
8 525 2
121 827 10
722 704 2
548 688 6
201 145 5
921 130 10
649 209 3
785 680 3
811 591 1
677 97 7
214 701 4
559 917 3
629 733 6
201 481 5
246 250 5
712 161 10
393 384 3
115 439 2
995 585 5
990 805 10
510 644 8
935 880 5
600 274 7
147 953 7
554 429 6
885 632 6
762 473 1
622 504 7
853 811 2
43 2 10
593 64 1
58 395 9
108 290 4
356 776 2
533 951 8
830 303 3
476 944 3
324 442 1
848 179 9
