1000
94 353 7575
137 693 5946
537 334 5422
690 411 4121
646 447 7824
941 901 5033
958 110 645
540 754 4112
955 958 5674
435 680 5221
211 467 524
683 576 7556
603 432 9007
542 64 7745
9 486 5820
132 205 8160
169 114 6696
662 399 6019
112 826 5086
167 190 8341
218 179 6081
963 683 7785
293 733 4634
647 699 1123
505 281 1983
244 410 9616
121 245 7519
651 571 674
500 178 3754
135 459 7975
437 379 7040
865 894 6153
945 24 5111
702 554 2927
161 741 4096
898 323 3693
669 359 3825
740 383 6773
645 70 7854
483 691 687
744 683 880
710 948 5782
971 732 6559
716 923 9596
703 558 6172
679 935 9940
884 453 4912
282 705 7678
604 704 1313
587 942 3064
716 795 5899
601 496 681
39 957 1810
904 705 7433
403 159 1991
468 995 9378
256 940 5444
482 856 4545
164 281 6921
439 600 4484
6 691 4821
798 941 1917
148 477 3563
529 740 2181
491 946 3567
21 439 9282
914 500 976
988 590 4452
728 811 3059
65 600 2540
271 506 9589
425 400 6519
713 940 5745
609 536 7976
419 2 2750
762 905 8067
772 940 4586
119 383 1994
964 98 3608
716 453 361
12 348 2864
397 477 9615
34 562 172
170 478 4399
510 986 7519
757 521 9688
49 850 3713
484 93 5422
83 851 5192
543 251 2884
353 854 1769
903 513 1013
104 625 4429
672 508 7145
77 20 7421
538 224 5154
83 321 7110
946 319 9214
607 182 6196
113 359 8888
267 2 4326
951 485 2020
760 502 9429
109 301 4083
140 818 2967
324 2 7223
308 685 1896
257 1000 5984
485 355 1566
311 420 1953
392 826 1601
513 854 397
374 849 1676
877 928 4115
265 126 2238
818 90 9875
460 2 8586
540 289 1566
185 642 5466
143 810 5839
272 498 6391
415 440 7118
294 20 3938
428 461 7524
192 181 5065
294 943 9123
367 716 9537
68 491 825
105 737 4359
686 837 253
525 110 3432
660 65 4379
62 893 1960
961 725 9279
664 35 6799
553 700 1335
678 424 12
229 294 461
583 804 5294
657 925 9427
501 518 795
667 804 4671
298 116 7121
329 737 6403
836 33 6
256 848 7028
94 413 7484
699 413 1328
822 571 9307
917 943 5642
529 648 1255
610 559 5181
692 159 9228
736 811 758
401 2 1203
317 18 4104
126 368 8007
1 831 4183
90 483 4371
359 256 7366
617 231 258
135 241 6284
682 530 9323
703 719 8329
642 695 4052
441 546 9522
244 909 3481
810 838 7071
365 909 3654
763 351 7842
850 765 8892
401 413 1996
109 35 3508
991 441 4984
172 906 1633
179 55 4486
765 253 6905
980 266 249
932 88 7306
890 184 1586
21 136 9634
364 882 4225
932 384 8588
303 141 7178
999 991 1839
834 108 9083
626 581 8138
423 645 1132
80 332 7258
498 370 1963
768 135 3417
714 735 9607
103 700 6266
204 391 5780
802 223 6131
82 163 8972
636 283 2429
632 770 7527
16 245 4178
633 891 9517
332 218 1343
106 575 4771
750 234 1907
443 726 4424
933 835 7095
352 584 4933
236 650 2842
834 314 8205
868 953 3424
599 671 3384
213 978 5917
210 883 7896
114 137 7980
65 489 3127
446 840 8586
46 575 5347
990 45 4644
727 35 3739
1 300 117
366 297 3649
846 766 1640
388 234 2155
992 125 9236
506 760 7001
469 962 1546
784 308 1372
164 380 620
309 384 5053
495 139 4237
48 593 1557
139 273 2379
126 877 9763
359 641 1902
215 422 5074
639 704 6378
89 928 1819
807 250 4102
718 598 3931
742 585 8086
748 401 2247
266 676 1433
418 281 7391
780 278 588
338 171 2559
178 224 664
883 551 9761
211 362 6098
863 164 3206
753 925 9516
608 935 4812
863 484 6679
909 218 3683
384 416 4676
485 619 1472
424 257 5065
392 990 9708
336 392 6227
350 380 6245
885 813 4058
872 588 1988
494 163 4735
446 997 5680
444 794 4537
72 92 5406
33 840 6220
30 871 744
396 2 6780
952 797 4735
829 321 9220
103 665 3245
679 281 1637
195 720 5105
232 362 4523
568 930 2082
273 186 2972
609 2 1982
700 307 2745
324 241 9364
679 540 9261
85 876 9534
195 3 5572
936 113 5860
956 261 5240
22 278 4325
432 697 997
764 860 6272
617 897 4360
239 426 4018
974 411 7673
922 678 2307
104 141 5722
281 460 8575
120 224 2535
336 628 4864
413 987 1487
670 6 3066
959 826 2005
792 848 6490
250 798 1333
965 532 1818
166 528 2737
676 982 7402
943 860 9816
738 655 8341
620 935 2788
331 436 1725
422 259 2759
332 356 6773
33 692 7109
373 160 160
475 470 1836
966 764 7285
816 628 8330
864 280 7698
518 283 6870
482 719 4387
652 632 3178
932 264 9831
649 293 49
412 401 9773
494 484 8284
813 213 8630
771 939 4281
898 866 6295
662 441 7015
839 373 3192
17 665 3719
349 350 3412
84 595 6529
360 611 8227
407 945 1740
722 44 1892
584 808 2901
521 683 90
389 467 4478
384 307 4555
1 931 9823
885 472 2022
575 545 479
89 680 5408
54 270 5758
833 596 7242
671 976 1212
671 53 8715
917 14 7581
577 825 4722
356 157 36
71 670 4323
202 956 7746
305 503 3062
847 518 187
4 893 1287
843 334 5025
581 334 8851
958 256 6945
155 340 5807
502 408 729
670 847 6360
714 34 1718
33 328 5119
280 993 6000
572 63 474
615 139 9966
133 934 3103
952 175 358
17 374 471
271 66 7874
976 345 2741
667 712 1887
687 895 3182
159 807 8907
347 371 8639
688 978 2070
526 926 3996
916 59 9145
473 701 3781
85 350 9946
799 507 7230
434 480 5574
871 281 9039
449 435 2511
967 334 4471
350 328 7446
435 236 4896
219 921 1588
305 145 1033
506 136 98
780 929 4300
451 84 4572
246 263 4891
613 218 1593
445 952 9595
776 655 1948
664 792 1289
141 805 5585
452 894 6986
645 844 7441
981 717 3061
137 980 8259
673 743 4338
650 592 767
180 486 4624
740 581 3761
651 675 8582
968 388 5051
743 610 8635
555 701 5334
343 191 6694
815 368 9543
465 639 3868
913 173 3092
804 315 2719
656 644 8147
307 162 6465
611 962 1799
834 842 6791
425 757 1802
251 56 1549
816 543 1570
602 640 7810
173 721 7588
947 926 4964
867 762 2546
3 584 2420
119 365 2292
473 410 1758
12 198 7820
595 596 7303
242 581 8041
594 851 2015
242 240 8083
795 587 2933
39 643 3744
90 842 1357
941 516 4156
992 545 564
379 771 1750
506 854 8346
618 796 8442
648 871 1994
304 545 5808
67 840 53
533 838 8964
946 16 9062
200 187 10000
887 977 691
304 643 4517
979 245 306
30 507 1197
276 67 558
949 690 6631
648 30 4744
744 232 1868
490 969 5349
677 446 8864
89 367 3690
680 394 7537
328 652 3662
138 271 1823
664 520 9436
802 444 5875
106 877 1412
456 156 3824
839 7 5871
400 321 6830
875 363 5627
151 919 8825
726 362 8667
370 437 9783
287 971 1602
495 552 7529
950 518 6276
939 2 1936
507 327 4628
209 554 8894
997 190 5106
902 405 5989
484 923 6318
848 844 1129
384 531 781
437 350 196
975 972 5807
528 59 6992
190 854 8567
58 406 3739
1 776 7583
785 570 1872
880 667 8533
481 355 2343
168 437 5099
165 760 3991
633 637 3380
611 110 4446
568 723 5040
169 384 5370
574 118 3923
472 938 7511
910 460 6181
980 62 8278
696 771 1788
61 775 5399
618 568 5252
874 371 615
936 950 658
312 132 4396
727 605 475
695 976 7507
476 443 2668
443 449 1547
385 47 5414
140 885 8018
745 605 9168
46 796 5734
175 748 6211
105 583 5614
742 137 5067
217 208 1162
152 741 645
571 173 924
447 826 5380
295 179 1373
895 713 1505
311 696 4037
596 214 8109
119 710 9822
734 487 8851
434 359 7636
40 910 7805
883 980 1498
103 929 7161
427 801 7106
85 362 518
358 919 2245
544 766 9368
121 343 5294
960 444 3093
112 97 9992
251 409 9154
929 661 1455
724 317 1574
481 870 2297
608 328 4381
683 905 9646
512 341 2884
232 642 9378
275 914 8019
691 165 7157
800 514 5916
405 684 7260
152 668 4921
810 363 3075
32 824 2021
42 320 3359
773 860 6139
41 13 4802
516 437 7135
869 328 8575
345 709 3102
17 139 9069
751 913 9905
402 783 4409
911 696 1451
850 938 3917
503 100 6519
184 316 1882
408 559 5550
435 45 6341
356 383 1775
926 684 5668
88 666 825
901 949 2361
915 685 198
196 610 1358
752 772 6761
547 2 7038
778 402 2998
969 214 1892
36 378 5832
528 436 2412
719 791 4719
685 349 8341
886 454 6139
550 161 9365
105 84 7561
852 98 1211
357 38 9850
872 23 7391
421 986 3218
710 442 5422
60 877 2437
720 821 2747
581 379 2282
133 703 3449
65 739 6577
168 228 1989
663 245 1988
448 446 2503
551 123 6264
964 514 4785
495 423 7078
377 442 9080
252 412 2330
155 139 3612
102 184 5026
815 718 4667
739 839 3059
242 159 3158
404 597 4916
143 633 9112
750 936 1365
463 862 1961
581 394 9968
450 128 2190
258 229 4453
463 371 8195
217 711 2224
909 977 4968
547 208 1825
673 972 4748
529 671 6639
681 750 8430
611 115 1936
84 843 5717
825 927 7598
502 315 3834
240 951 2514
205 193 6458
43 940 3958
664 668 663
508 203 3809
834 53 6735
841 277 968
464 45 7606
471 887 7670
562 378 3260
528 912 2467
364 323 9688
687 588 6268
993 321 3282
799 629 7523
457 653 7271
530 573 6888
526 902 6701
776 767 2217
458 830 4680
567 698 1683
80 426 792
34 630 8211
117 828 242
978 704 5150
555 907 9859
839 23 7177
430 624 175
344 37 6877
269 11 8459
250 627 2266
11 679 2368
145 251 243
583 327 3757
81 866 5007
35 421 4199
939 73 5097
496 270 6507
821 563 1592
251 779 2428
354 806 1348
446 491 1151
912 761 253
669 833 3627
822 732 142
275 179 9796
637 997 5078
542 491 8809
41 513 8292
528 718 3314
698 328 6639
507 319 1685
315 111 3275
766 8 409
698 256 6631
400 570 5962
147 508 7493
121 748 7829
319 80 7210
895 139 6802
614 224 4536
850 87 6232
120 504 5235
395 180 8575
298 980 9629
940 402 3698
95 847 507
124 893 6098
707 574 4977
264 431 1822
938 2 4052
360 605 214
830 223 321
912 648 6770
838 998 738
506 835 5395
529 513 227
887 280 5598
359 148 4059
248 345 6448
813 371 4021
722 848 7102
470 210 9256
833 775 5766
198 320 9741
604 228 1732
625 141 6868
950 816 2462
248 643 2026
518 424 4590
271 754 1579
595 232 1070
56 858 6385
466 13 8615
470 855 2472
885 875 820
990 344 3187
412 218 9207
570 559 6097
286 475 5884
289 100 5964
868 115 6267
611 125 1317
605 752 8071
599 736 1216
171 541 4673
512 618 3533
485 394 6934
407 631 5686
507 279 4071
390 680 2229
177 662 5620
485 379 6379
913 380 7434
162 518 6530
641 8 8242
191 308 1542
450 760 3450
850 611 5255
348 377 7122
114 830 5499
188 983 4428
275 52 5981
654 520 2257
580 952 1493
688 133 7192
283 584 7250
765 93 8013
310 2 2889
439 281 1533
786 141 1290
207 437 3557
439 2 265
266 712 9855
458 775 716
91 243 2402
628 574 1716
592 768 3269
900 225 5247
276 843 4952
116 916 4137
717 271 3366
680 841 7634
376 659 5011
348 905 6261
993 384 5839
802 43 6019
535 311 4763
802 847 8258
574 244 4200
484 379 6420
100 935 3574
285 721 7392
575 96 4029
599 578 3179
214 48 3797
906 510 6845
680 427 2883
391 596 7570
285 352 985
392 301 8319
294 923 9939
385 747 8905
893 500 1420
489 952 3803
589 189 3223
572 363 4210
403 745 8447
249 492 2732
965 368 7690
704 971 6896
346 24 4934
308 728 553
263 719 6819
87 446 26
546 57 9516
494 340 9811
603 935 9430
623 990 8779
615 63 7178
686 840 8525
459 678 7271
54 869 6896
717 132 6973
494 281 8784
18 218 1273
811 858 2268
236 864 5415
349 751 8498
345 945 8331
51 889 9934
235 354 5884
552 876 909
936 736 8
138 788 2757
284 670 9865
128 148 8229
29 730 5088
536 100 22
570 159 216
220 466 5439
961 464 1981
188 507 1290
267 792 1822
547 63 1697
566 357 15
964 499 9629
333 518 5298
772 36 4235
918 887 7341
889 102 9887
893 559 5081
749 220 6463
759 589 5950
790 602 3011
334 559 6098
124 710 6772
837 454 3741
923 240 90
300 156 5533
944 493 9882
991 110 156
951 909 4415
446 62 526
237 86 5495
680 860 8913
405 830 2043
718 633 102
563 2 1598
666 97 3534
134 847 5532
120 115 3300
940 495 3596
412 809 5630
573 831 9499
407 450 2966
156 775 3950
288 305 9666
730 840 6397
425 926 1617
344 372 6174
642 975 2578
554 471 2367
218 176 1914
278 186 2116
732 216 8309
111 90 595
180 219 2299
831 625 3733
132 641 300
11 972 1689
173 87 6901
780 373 5236
53 854 4977
582 14 6524
834 748 2794
156 241 7665
143 135 6227
260 334 7150
855 575 5779
800 360 7320
485 8 7230
404 197 2587
418 484 4838
532 343 8854
288 894 6582
531 893 6514
125 879 2569
24 653 2601
565 437 8835
469 756 8663
509 788 1296
83 834 9118
1 519 6557
284 397 51
382 11 8342
537 687 3354
622 513 5229
369 340 2690
180 857 984
463 665 9697
736 841 5105
11 411 3766
353 86 1791
930 890 9574
487 237 4649
407 937 144
579 636 8625
583 782 5587
489 874 47
130 3 3732
677 965 4416
27 397 9010
841 153 7092
987 907 1014
597 466 6782
542 250 6953
127 719 5069
497 794 5634
672 761 5950
206 921 3659
142 811 7058
35 165 9385
477 491 6011
475 732 2888
743 3 9024
153 559 4207
443 462 2126
267 989 4143
224 911 1673
491 371 7778
191 603 4539
886 377 9327
740 610 2219
804 243 1082
414 98 6507
409 696 7249
525 588 9793
818 257 1974
268 254 1497
173 611 9754
713 195 3339
997 50 3055
594 115 6022
596 946 695
921 260 4779
690 259 6691
952 615 1683
717 785 2627
314 934 39
236 455 6446
128 101 6069
780 348 133
787 52 6456
168 570 2082
117 677 7797
945 848 2278
203 209 6997
701 899 3272
86 966 4304
757 381 1166
988 845 7790
439 73 6515
570 123 9838
855 807 7053
116 765 5867
564 575 2797
42 56 957
628 180 7832
860 205 9075
474 340 2603
260 355 6102
342 997 1959
556 966 2487
557 47 7463
817 654 1075
646 272 1270
639 752 1849
390 178 4035
780 972 8071
643 682 3137
79 105 8934
638 98 4864
650 894 8535
850 352 7717
512 877 3622
105 850 1572
861 473 9953
431 237 3332
545 347 7958
285 2 8534
783 540 3388
631 208 7390
303 378 5916
933 244 3711
123 926 5746
41 565 7764
764 943 2455
445 68 2378
183 419 7984
884 932 9758
752 462 5461
1 755 2844
988 127 2801
128 468 9352
562 143 4102
853 835 83
133 568 7044
561 123 2644
726 409 261
80 957 2603
281 328 2663
635 700 6675
552 584 2440
379 728 8476
987 437 6875
228 24 9804
528 499 8722
242 513 6504
853 87 8814
5 947 5986
343 46 5663
457 717 4332
633 448 9904
219 290 2561
155 781 8889
999 604 8536
680 808 3339
44 900 9046
418 443 2578
376 118 3914
651 2 4590
180 76 5212
253 653 3095
587 59 5577
765 150 9237
876 536 9073
849 350 1341
498 168 7660
546 330 5804
238 905 1765
31 858 5607
953 120 1573
972 408 4574
491 310 130
584 653 5858
548 627 1879
12 88 5956
399 82 2306
611 520 3473
769 189 9240
731 254 4416
575 303 8670
673 174 4977
99 936 6539
856 157 2539
378 440 2078
794 587 9103
91 462 1587
573 718 4006
574 86 6649
347 284 7793
546 530 1616
9 942 4355
753 412 159
208 17 1693
345 530 1819
18 413 7725
30 857 508
122 285 9199
614 919 4975
491 659 6971
156 2 6673
754 93 5681
985 27 6182
928 648 979
367 289 4148
10 15 1766
137 41 4258
996 851 8354
870 261 9353
127 730 9977
959 213 2924
133 639 6278
210 789 9993
231 282 4510
391 563 5264
600 853 9564
392 55 4676
10 13 6404
975 536 9789
178 110 7882
397 677 4145
819 492 8358
408 771 3672
498 664 357
198 692 6190
573 866 4280
98 570 5158
713 731 7218
634 539 2563
919 826 396
614 644 5939
980 28 8403
486 811 687
603 678 3416
629 185 6345
414 53 3207
925 363 3389
753 801 6479
743 703 8641
576 260 263
825 756 5003
277 121 1831
581 486 8848
527 777 385
910 935 4913
820 84 9987
441 347 9372
165 528 2138
432 474 6159
303 907 8873
832 556 3401
142 738 1875
337 738 7355
569 456 2837
55 191 4852
189 984 4672
55 2 2975
219 653 354
542 476 1069
100 2 1409
795 207 5041
801 96 8100
876 86 8440
275 498 8830
979 94 3046
159 581 7343
989 731 5873
683 382 3024
624 143 4488
894 361 5583
963 259 66
947 148 1264
575 732 4546
848 379 9582
911 132 744
961 313 3765
964 384 4198
277 771 6403
722 971 1145
197 77 1035
746 862 8255
831 132 3326
639 500 6167
896 243 1566
430 917 7133
844 940 5619
650 370 8084
203 317 3809
249 163 6683
332 156 9123
484 46 7257
25 293 7435
960 2 1077
695 497 9243
87 842 333
347 148 112
201 89 5952
131 916 3900
684 974 2328
992 432 5532
675 663 3652
841 516 6032
170 757 9091
20 228 4659
237 770 5736
397 758 5640
54 9 4420
895 161 7602
49 607 7409
314 710 8306
941 899 3863
983 293 3276
984 719 8774
362 437 2295
173 895 8205
60 790 4766
111 336 4983
931 341 1596
257 361 9463
922 743 8423
521 63 6165
335 645 2058
369 475 6388
453 830 9107
68 595 6803
665 408 3809
288 203 7604
79 128 5465
53 899 706
72 668 1467
180 350 8403
988 409 6168
503 673 6282
183 735 9344
583 779 6598
411 773 2447
959 537 617
819 444 841
349 40 1412
531 271 206
674 165 5276
898 448 495
996 213 218
672 912 6369
163 13 714
398 53 619
459 328 3503
341 936 9408
515 774 3362
780 741 6126
604 165 6282
983 633 6816
322 599 5514
893 842 416
460 972 3814
962 909 4474
436 696 5164
937 695 232
841 794 599
240 205 3492
867 629 134
406 281 9686
87 841 9426
227 955 6112
7 548 5167
106 685 7002
329 297 5859
1000 575 771
887 570 4940
964 661 4942
121 59 5621
361 181 8196
951 771 3596
664 292 9209
377 940 7211
458 713 7965
43 960 4086
130 661 1606
149 406 9105
84 703 4418
805 783 3152
573 736 4835
611 835 6801
574 919 7004
919 208 1681
894 2 2655
931 993 58
224 841 3957
57 794 5179
797 244 6211
211 766 9933
76 449 6592
575 783 484
937 594 8381
468 916 4976
211 409 297
709 795 7062
818 614 6321
551 976 4885
863 700 8187
54 43 5166
625 680 1655
139 168 3934
848 695 3593
806 665 6310
10 342 9244
636 987 7739
54 726 2469
409 876 2689
807 864 1557
430 2 5876
291 798 4913
470 703 3183
157 587 8009
958 895 5957
387 365 2075
104 448 6441
723 286 8317
72 79 7009
77 807 9912
376 548 4784
717 201 2613
433 938 6077
323 748 6667
651 887 9701
182 961 9878
79 564 3442
326 916 7451
333 632 3716
142 219 9597
357 787 7359
72 117 4381
751 646 4633
960 986 28
812 511 990
413 951 9138
509 100 4131
548 726 7655
13 916 5255
896 244 7052
1 691 5651
282 623 1368
863 86 397
559 2 6058
563 759 8329
282 949 8992
172 401 697
324 574 8379
488 825 1553
978 183 8356
595 145 4175
934 375 9463
662 953 1697
224 602 4248
591 600 6240
781 680 4762
181 516 8586
448 416 6326
410 303 4548
617 538 231
221 646 2416
942 502 6294
173 510 8721
481 914 9716
315 480 4219
342 56 1723
994 315 4740
8 771 8755
986 430 5968
808 696 9616
75 819 7566
331 565 9348
602 81 2103
798 8 7739
649 206 5185
434 774 3205
624 94 8668
711 689 2787
555 160 2589
763 326 2084
453 213 7026
19 812 292
403 620 8637
910 470 1411
575 408 1759
347 2 6840
226 142 7533
798 11 1379
799 913 770
553 605 5510
102 92 5325
699 87 5973
591 659 9527
303 124 9599
720 70 4992
724 258 4150
593 215 4130
923 544 1895
333 643 9429
152 2 3222
907 37 5753
477 206 815
36 145 6969
546 390 77
657 390 4900
540 350 3486
119 132 8974
172 994 8934
998 143 467
712 355 9120
72 105 7876
504 561 6944
792 135 9220
737 264 6283
947 281 1693
490 448 2292
200 734 4185
223 551 4193
605 280 8440
387 245 8125
437 8 9561
543 77 2299
811 618 3706
694 299 4558
882 472 7245
576 995 8114
809 710 7338
141 786 8399
174 966 3888
701 48 3656
939 128 3549
587 94 5051
241 360 2717
807 24 3108
135 783 4221
987 771 1323
29 228 6670
317 38 1643
418 55 8284
593 850 4911
882 229 1619
809 474 7928
42 190 7843
538 954 7617
300 610 7390
624 688 5136
424 260 2115
201 798 6618
884 651 2092
913 525 5749
606 375 7315
218 394 2362
226 719 942
536 218 3026
850 110 703
428 474 8346
558 678 7689
101 745 7225
194 696 845
868 35 7380
479 532 5521
366 19 3667
421 989 4943
306 829 2940
29 112 5307
632 784 7829
984 856 9754
486 394 3920
405 80 4015
55 812 4761
908 311 132
189 859 6850
665 460 4067
458 951 3947
823 603 7654
693 470 3805
567 14 478
248 741 2877
363 408 6388
879 966 1805
938 998 8783
213 856 9952
231 412 5926
978 132 3926
289 225 611
225 960 1018
136 411 4497
173 520 9944
887 688 8781
390 485 4878
78 993 9266
430 352 4259
54 835 2080
924 408 7901
844 37 5981
616 361 9210
558 2 5118
939 371 1300
499 420 8654
435 761 3184
342 547 9937
711 881 6473
210 342 8953
869 224 4720
678 465 5169
404 518 6197
344 72 7728
71 902 1464
845 95 3476
608 408 3415
73 511 1743
445 622 3894
119 521 7503
728 569 6690
832 663 7265
145 446 5168
636 537 1886
86 608 9744
478 991 5113
485 911 7595
886 350 3826
391 385 4650
110 894 6177
396 152 4755
794 130 8631
857 26 1030
24 350 889
995 6 4415
167 551 5996
229 742 2077
173 765 4588
283 100 5613
329 39 9855
428 124 4397
703 630 7750
318 540 1493
310 641 2100
659 357 3678
110 59 2375
202 134 2526
553 614 3691
872 198 7401
419 904 6471
655 810 965
327 656 9875
540 696 5669
779 210 933
650 841 708
653 960 7155
288 446 7871
782 77 5568
215 949 905
351 307 6765
724 481 481
493 567 4850
919 706 1118
504 820 5197
325 467 2777
944 205 321
126 627 4871
470 487 7100
776 743 4982
535 26 841
3 709 2317
830 422 9639
659 34 6802
310 776 6495
590 219 5875
661 222 8319
604 58 9944
117 759 6394
29 698 4340
876 650 3101
232 599 7851
682 128 4900
817 332 3106
235 644 7264
858 820 218
692 133 6498
712 581 8345
87 530 3673
445 55 2373
322 491 5470
658 58 8374
709 807 5606
25 924 2605
572 102 4975
480 171 4218
279 588 451
973 342 8908
789 433 5182
957 111 2810
480 139 2209
157 854 6127
215 862 5202
651 354 7309
571 186 9855
898 158 3980
497 310 4216
443 575 7555
909 698 5078
796 460 5151
445 830 4573
543 59 1580
418 398 4305
691 965 5222
496 666 2908
831 8 3831
136 985 3256
383 139 2822
402 294 4080
695 355 6061
875 793 6444
892 242 7217
841 460 731
402 422 9477
438 769 8259
254 200 1559
812 900 1072
364 814 4970
304 372 8275
361 289 8677
637 414 8356
612 517 8377
416 131 7991
176 438 9857
303 167 6616
138 738 4366
209 846 7841
599 591 1951
786 166 5061
431 38 4078
486 680 8175
13 907 7931
626 717 2013
174 355 8552
116 28 6132
908 486 1018
218 437 1462
148 43 6545
484 966 9565
95 511 3604
968 769 7382
445 152 5355
288 193 9393
818 95 7643
585 203 1995
367 370 7149
190 609 954
291 170 2567
108 48 787
382 879 7861
764 84 8788
16 408 8396
238 879 8821
83 479 8203
443 225 1511
802 693 6526
683 581 5630
139 350 4479
430 147 6602
653 379 4129
658 150 298
207 738 1061
385 245 6191
83 95 8563
117 518 1940
746 755 7496
905 945 3646
612 78 5585
579 555 1015
21 62 9878
769 705 259
902 466 3072
783 848 2897
396 547 9875
165 712 9618
156 940 3506
475 852 5285
181 744 9290
902 64 7735
63 800 6780
375 633 8314
857 718 2335
934 177 2451
548 403 6417
733 260 6196
389 732 7065
728 141 4912
886 696 1417
436 355 9956
864 367 6416
408 726 1237
108 694 4900
190 650 5365
765 144 4958
808 333 3392
83 865 6058
198 242 9265
131 742 7393
85 865 7733
560 999 7763
396 482 9832
922 828 6902
419 442 767
337 264 4292
149 396 2453
503 751 9599
339 206 9211
549 773 4807
769 713 8353
319 50 8365
990 216 9474
313 750 7299
163 960 8847
226 604 1429
529 394 2297
817 471 6070
877 161 5898
85 705 3170
930 24 4967
992 146 7500
241 18 7079
340 745 1318
661 948 5238
281 149 7256
524 873 4646
583 441 8163
26 16 227
63 935 5244
976 316 7280
196 230 6902
199 250 5192
845 96 8748
588 243 572
1 857 1033
58 584 6948
931 932 590
499 122 4172
29 255 4230
121 287 4625
423 892 7041
948 368 1791
409 394 2191
213 625 5867
617 515 5242
766 771 6483
484 806 3925
722 268 9626
487 495 6459
252 886 394
820 14 9951
478 690 4852
770 288 9895
224 215 3023
978 689 1928
400 391 998
346 916 2088
201 636 8344
593 689 4675
594 476 6522
701 683 3298
433 777 3917
788 56 3141
776 180 3788
18 500 2617
316 813 2409
138 402 7200
261 989 3378
456 350 5257
429 14 5070
321 319 2605
255 930 7009
528 749 8987
600 676 54
34 775 1431
349 620 2877
216 2 1296
528 695 606
1 227 7274
197 59 2214
749 832 9539
565 489 7275
884 437 3389
990 182 5097
206 271 2543
585 807 4474
545 303 7830
33 933 2618
135 779 7420
608 766 1005
942 465 5886
837 639 1867
440 228 3769
483 623 6545
69 577 5530
147 453 8469
284 212 2471
810 56 3738
814 435 3386
693 848 8896
554 342 9359
326 186 2782
935 394 6498
278 846 5980
826 871 6180
856 824 348
618 31 8154
370 911 4008
267 766 8582
429 426 1515
337 170 334
99 156 1814
1 563 8584
654 766 3006
355 394 3297
377 681 3263
926 709 7762
674 287 5308
886 240 9676
414 856 7167
988 853 3319
208 399 6010
632 606 1932
153 193 3274
819 707 7652
26 52 4254
946 303 3911
797 691 3396
668 350 5067
732 132 6306
390 883 9962
718 644 5829
841 205 3336
551 762 1843
834 772 81
9 361 9692
198 803 8564
853 840 6575
855 921 251
450 810 6893
523 134 2362
135 925 5916
84 937 9901
835 921 9851
60 300 9129
761 513 4139
891 127 4875
1000 316 3540
608 910 4720
929 462 5056
67 170 9363
855 576 8961
512 99 2781
483 69 7
314 507 4297
350 622 5210
33 138 1039
251 278 4908
247 942 3237
683 806 9151
841 268 5291
730 830 4111
854 738 4530
645 410 5387
221 401 7162
240 549 7381
916 695 1663
874 147 8559
217 95 6872
36 278 6288
196 716 5198
916 593 144
659 182 4002
477 890 1560
30 671 8252
848 950 3018
49 574 3318
702 765 7781
657 352 1899
954 11 6557
637 352 1894
115 609 4180
246 883 5338
732 521 8496
872 187 6219
191 841 127
95 315 8671
831 166 6684
5 414 4650
1 590 8773
727 62 8218
637 148 8480
951 350 4779
828 941 866
884 933 4707
833 95 51
792 916 8387
775 283 52
564 191 9306
849 218 1385
671 377 5516
697 497 2478
798 53 8689
829 690 1154
781 690 1160
406 116 4643
980 221 8130
334 8 1590
524 78 3486
305 655 8545
693 78 7563
355 960 5000
63 94 7784
749 182 8127
946 211 642
771 2 4458
952 687 1245
755 774 7974
62 744 7689
119 689 3610
348 604 7648
541 213 9706
411 219 1246
221 157 8662
323 227 2462
338 791 9638
499 798 2955
995 767 7716
492 335 3016
848 437 1341
359 903 7307
210 661 9979
345 665 4753
859 899 4387
1 967 5736
347 354 9281
245 391 9165
401 988 4337
12 705 3699
359 24 4440
674 900 241
782 427 8752
446 678 5525
280 177 6045
928 312 5223
749 166 6140
840 344 771
373 798 7024
422 354 5208
99 408 7807
349 464 187
25 298 3540
231 644 2189
107 178 9614
534 235 4446
369 62 485
327 363 9
519 794 1357
704 732 3255
649 408 4632
623 888 8804
588 946 1023
8 787 3651
536 355 492
510 880 230
665 742 3626
858 985 2902
860 793 5193
256 408 8412
203 929 1292
129 871 3845
356 808 4859
370 193 6191
401 127 3955
567 332 5797
839 535 1400
200 481 3300
642 452 1510
120 767 9525
611 997 6196
605 379 626
394 731 7859
725 363 2395
778 894 3874
711 359 3246
947 78 5299
501 896 9841
34 187 7081
558 607 1021
77 775 8981
599 726 5330
244 289 3968
676 558 9014
858 277 9483
195 238 6278
258 53 8232
719 962 3546
340 108 6584
999 844 4115
3 652 1319
40 516 1154
516 8 2925
96 132 1425
315 193 580
882 725 5963
725 951 9045
586 867 1274
938 491 5882
686 339 8877
161 918 3605
915 8 1518
69 761 1516
415 789 1610
375 50 3392
872 758 2816
160 490 1439
1 27 4217
549 159 8511
61 122 2000
691 355 2970
975 996 5124
163 943 1715
647 686 9223
533 276 8885
312 106 6990
697 332 7278
249 589 3585
101 93 9655
663 844 4304
821 135 4848
871 549 8711
117 2 1906
618 542 9716
167 411 4386
481 604 4081
476 899 6440
812 884 5904
999 921 6594
714 544 3281
342 320 4221
213 807 8279
411 14 9875
293 2 3566
268 701 4395
106 295 9564
258 428 2719
895 755 3021
900 959 8084
113 695 1669
759 599 2891
15 96 4333
287 678 3167
762 113 501
83 772 1956
317 370 9032
223 86 1684
406 634 3139
486 806 6171
194 246 11
745 848 4007
795 2 5910
818 398 2671
948 842 7204
944 484 5241
400 254 8315
483 817 4703
387 52 9688
882 979 4098
87 521 3828
991 277 2164
601 534 9237
105 454 3464
508 787 3460
19 771 1615
721 405 7715
626 512 2509
778 796 6737
27 911 9295
968 116 4954
260 285 8226
464 216 3739
402 803 2254
956 689 8490
836 290 7464
986 201 429
43 132 1314
885 625 6056
944 741 3986
640 118 5352
83 667 2857
201 19 8621
763 657 2798
217 971 4320
483 348 8526
418 885 6377
337 392 1579
808 394 5491
491 17 6113
589 2 9580
635 277 7595
927 115 1345
753 757 7566
154 37 8242
265 668 2086
746 920 5383
165 406 5145
519 971 3989
826 277 7611
313 151 6179
309 786 7077
701 596 6226
978 77 9153
242 451 1707
835 435 3398
178 37 970
914 868 3474
660 334 6433
157 792 3200
650 921 3253
189 19 9871
610 749 7205
133 107 8353
797 551 8639
328 8 386
779 436 8233
3 735 8929
791 802 3908
437 559 933
180 583 6261
702 574 4576
425 742 5929
89 734 7236
607 788 5521
867 471 9932
150 262 827
896 562 6901
335 169 8925
182 457 7168
3 863 4576
895 117 3581
777 712 2319
73 827 8787
874 758 775
603 198 1937
991 74 5992
729 855 598
572 848 973
989 657 2336
348 967 3367
758 213 269
388 196 6016
655 172 752
943 114 8423
329 179 7590
10 667 4141
65 266 6324
64 604 2325
294 521 8394
377 656 7609
801 910 3235
761 53 9914
737 262 3997
95 496 3304
200 397 1538
731 934 2712
870 635 4995
124 617 2091
822 250 9382
584 696 6465
78 193 4499
986 763 6446
472 467 4891
152 650 7023
35 609 5222
317 850 6575
295 425 5386
396 973 281
628 903 3088
945 713 2163
714 583 8265
655 952 9218
881 570 8903
621 594 8576
244 77 2582
550 964 6311
343 3 8431
38 814 2520
317 834 72
603 62 2915
865 52 5593
750 7 8618
232 337 8957
826 776 6337
624 878 5344
518 516 9201
146 858 8461
8 2 96
530 677 3064
797 562 2864
605 9 6137
357 771 2214
278 478 1509
695 787 9839
532 246 8904
341 97 2083
965 843 3349
711 485 5667
260 100 2003
231 208 5370
509 960 8153
312 472 2554
523 689 8597
611 852 5135
311 367 4544
56 933 4711
483 29 7784
879 960 4893
78 509 6551
873 451 3389
626 454 3937
21 366 6313
96 945 8495
1 251 2843
677 685 4408
339 302 6765
439 722 793
900 914 7568
220 657 126
136 362 1916
24 386 1121
141 94 1069
231 872 7212
11 238 9081
117 929 6596
792 846 6170
912 594 6788
903 52 4334
920 569 832
436 52 2198
398 729 7429
166 939 646
789 733 8013
919 897 6987
116 880 6549
520 377 2498
514 150 7949
978 495 8112
317 674 3489
312 52 5256
43 676 2941
160 753 5879
36 853 266
317 225 8485
254 504 1088
60 134 9780
961 795 6297
886 218 794
822 825 5190
263 615 235
818 151 4753
872 530 7264
981 168 1167
60 819 605
12 808 7259
874 22 4950
150 983 2260
174 726 9538
830 149 5833
371 277 1335
497 846 639
705 413 501
847 387 3949
393 9 6767
587 26 3527
828 20 570
765 879 4120
299 339 4200
830 590 5300
134 317 9284
518 793 7174
462 216 3816
546 137 6705
491 791 1351
482 532 6063
80 148 4780
984 239 5501
376 755 9562
480 73 2495
858 231 8505
376 538 717
281 37 9743
818 939 3832
698 153 9992
712 773 249
118 844 2811
951 960 67
321 198 8191
399 495 5346
298 270 3077
929 8 3650
369 712 4208
505 372 4218
748 913 9517
459 390 4980
913 36 2984
600 731 5929
935 350 2100
756 833 2413
514 970 8428
386 610 974
572 667 9693
272 942 5149
746 467 4036
714 239 4081
382 544 4597
817 141 4293
57 969 1984
565 193 8772
254 318 3203
58 954 7051
100 766 3332
65 260 185
838 538 6754
204 652 252
311 617 6720
535 9 8600
432 970 5607
196 878 7828
654 888 836
871 50 678
487 579 8659
409 672 5704
307 399 1510
234 284 8678
46 93 6024
617 986 152
798 365 1006
902 469 3996
938 722 2512
475 706 1580
187 804 93
280 594 2345
990 941 8285
483 2 4399
327 890 5652
534 914 3150
604 253 584
619 107 4680
900 908 8478
15 783 2411
981 557 6270
572 733 4315
138 751 734
404 302 1330
122 289 5203
70 961 3743
402 455 2877
473 690 8730
862 217 3736
431 789 444
943 59 5997
264 444 6812
19 487 1143
722 411 3870
219 436 9058
295 132 1
360 64 9156
349 343 9506
524 276 4243
858 885 8658
660 746 2441
942 528 9886
616 669 9057
710 388 6774
119 262 500
47 668 2731
859 901 9510
56 683 4057
539 130 1188
760 916 5737
732 381 6458
323 216 320
701 624 800
784 965 7168
278 608 287
98 619 8167
362 832 4269
549 831 3439
540 53 5126
774 424 1128
768 597 2790
94 500 3497
987 860 721
929 393 420
810 873 3994
467 637 1939
387 166 7499
919 845 1720
80 610 8875
154 466 2277
930 609 9866
978 591 988
155 848 485
841 608 2900
115 766 8866
265 90 5729
178 117 4063
156 491 5640
510 422 6626
805 138 8437
610 454 4041
308 944 1944
937 728 9131
62 216 5791
704 49 5419
807 110 3661
995 920 6049
657 443 8746
940 100 2953
731 144 8392
946 954 7180
330 529 4508
450 973 9297
328 981 2575
375 316 7316
9 16 3965
651 622 2262
125 355 3370
140 624 6845
666 937 5634
263 5 9779
153 350 2905
513 750 9460
835 798 8436
373 751 5963
636 722 988
788 21 5143
869 691 7547
656 44 8831
636 44 5334
641 807 4637
531 978 2304
212 268 8082
697 144 4625
978 943 4905
654 609 7283
69 724 9697
350 535 7179
354 646 7080
121 566 663
874 146 9031
317 471 6833
931 435 7161
618 970 3769
260 559 6914
770 356 8894
949 437 409
508 99 3109
205 740 717
726 540 3554
312 865 7416
968 389 9461
754 91 8618
954 295 3604
56 667 4561
460 980 8496
666 434 8751
64 811 6316
389 115 2329
224 381 6624
507 995 9253
727 338 2576
480 827 3402
11 122 7714
88 827 1716
682 721 2958
707 316 3129
643 741 7804
267 172 3436
623 206 4193
398 14 4397
34 586 5255
145 124 113
576 731 9969
958 255 5946
803 176 5489
39 949 9371
136 389 6179
475 804 2864
730 243 1655
715 425 8191
47 987 6439
801 803 6
683 570 8929
202 356 2493
414 31 7543
876 24 2598
670 242 8260
30 869 4809
471 279 1167
159 860 3932
40 117 9646
343 639 7277
666 195 944
29 893 4132
116 530 6444
37 709 1614
170 433 7015
140 613 1235
133 534 9908
390 695 983
969 71 4143
886 976 5531
51 37 7410
736 404 3032
295 976 6011
330 21 9235
811 312 9224
776 470 9378
137 104 2590
721 397 1526
802 117 4235
581 876 3728
97 394 5028
534 272 7315
791 605 3169
662 974 3977
627 671 9330
346 545 7779
139 11 2058
844 854 4816
490 900 9714
873 875 2883
145 252 2635
22 342 8245
65 382 6177
11 214 9092
652 37 3669
358 282 3024
231 778 4098
726 260 177
650 653 3973
224 771 7621
346 536 7136
625 746 2950
244 635 1584
784 52 5804
855 531 4752
829 832 9678
886 370 8975
179 782 7000
555 394 4255
958 282 8689
535 868 5392
211 328 9723
656 362 4203
512 821 7078
295 570 5511
808 238 9475
551 20 4223
758 241 630
139 865 895
242 355 9293
149 938 4491
849 297 7961
326 562 2700
367 245 3403
555 379 8179
121 823 6650
903 795 2158
5 223 5420
273 783 7644
26 941 5298
104 957 893
204 263 9621
372 44 7725
345 128 4651
986 663 3203
98 74 9179
200 678 6837
991 734 5014
684 536 2274
453 554 6488
1 866 3885
282 62 5831
212 180 9300
739 954 4293
558 836 4404
901 997 6181
666 151 7143
435 350 5587
807 608 9557
583 887 9133
496 901 7031
891 362 6431
84 587 5880
49 963 4621
243 206 7757
370 379 4701
506 398 4276
489 862 7769
596 939 17
506 433 5311
765 236 8123
937 514 5998
597 641 4542
382 532 8528
197 876 2184
913 116 9478
422 127 7240
969 389 189
874 852 4934
38 2 216
482 842 6557
596 779 5947
268 761 8549
762 639 4607
170 267 300
697 239 6714
340 381 8005
466 219 2667
314 881 7988
287 675 443
179 130 7669
550 162 7722
911 350 3618
1 303 5872
1 626 9489
795 481 9270
187 551 6293
483 400 3484
651 587 1388
328 394 6450
764 559 7697
761 858 8540
31 891 1824
70 817 530
70 708 7492
472 269 8793
73 364 6541
349 640 2296
406 95 6504
190 398 7286
11 178 3739
349 942 6555
521 899 1400
827 775 81
308 555 5243
843 584 2780
636 679 2180
146 752 8698
327 525 4688
17 511 3084
613 981 6192
421 693 325
534 522 1980
40 752 2071
531 83 5319
888 732 6431
437 771 1725
395 516 9307
540 807 4260
816 749 9435
728 680 7523
68 460 6728
455 498 9918
320 654 5948
838 782 8747
950 848 2509
709 245 6823
692 787 8987
462 334 3502
204 121 7071
652 776 4597
64 364 2529
241 808 6852
711 715 2225
160 772 6985
591 102 2820
357 273 2400
431 112 8173
435 20 9027
760 270 4837
431 331 845
458 915 6859
746 102 9702
939 116 1246
55 268 6241
696 350 6929
570 216 1118
616 999 9259
225 559 1055
265 475 3609
420 495 5920
566 309 5478
406 840 347
527 73 9906
649 656 82
323 786 139
150 860 1227
935 8 6874
787 615 4759
592 434 8050
317 168 5389
282 353 3613
139 142 1969
342 2 8663
648 528 251
291 271 2497
427 2 5755
440 132 4816
797 17 456
440 311 1950
722 927 6924
31 199 770
111 818 4575
920 219 8462
829 914 3608
844 760 6904
894 794 4410
843 979 4742
453 996 5926
351 109 4849
184 510 5467
964 486 8548
846 460 9721
153 394 9929
3 363 2978
599 844 580
801 231 214
836 419 4164
452 8 3770
709 383 3672
586 273 2458
586 879 1929
1 426 3620
133 112 5869
659 382 246
745 502 3371
370 653 3685
291 699 5356
652 918 3471
254 585 7168
542 989 2672
15 955 2814
534 576 6995
656 897 3217
493 18 4588
701 846 9475
814 593 8710
741 129 4592
308 695 4118
840 625 6664
733 205 5892
359 945 2881
75 290 9906
237 24 3811
673 572 2334
633 166 5232
388 643 2890
722 2 4819
50 142 6334
269 436 2097
931 26 2519
799 933 8531
949 541 6373
439 791 6769
273 275 6909
384 488 2483
785 34 6751
496 450 5464
624 695 6086
973 727 963
959 37 8236
866 747 7274
891 530 8502
913 888 1830
525 642 9312
542 510 4146
269 559 8077
959 57 3007
34 690 992
755 143 6165
93 59 8807
927 548 2182
308 52 2798
257 925 9981
555 342 6144
136 669 8669
903 40 263
526 863 7476
564 533 8365
738 363 5224
666 755 185
77 5 708
714 108 6618
188 780 9331
743 841 4824
139 921 8118
537 737 3110
219 807 1051
324 395 9936
27 812 2447
593 941 7118
1 299 8477
846 854 3108
1 189 1841
668 883 6864
803 566 3550
444 408 5779
466 653 7698
705 525 5839
519 22 5501
284 519 7647
789 551 4619
198 937 766
799 909 6946
809 883 3803
944 536 1039
756 240 9502
582 311 7994
330 209 5936
141 664 5060
539 326 2424
367 228 3866
56 865 7378
412 342 5635
160 941 3631
430 793 9202
402 154 5163
781 968 6325
838 398 1525
796 540 5109
955 12 1792
995 119 3339
774 139 3343
170 95 213
380 951 2047
71 633 7683
496 56 5543
681 743 9254
513 971 8038
653 841 6007
590 923 2565
65 87 5784
812 981 1274
538 56 9044
680 664 380
39 148 8244
338 554 4110
948 664 9209
831 106 2314
425 712 9482
132 10 9006
715 737 2715
712 445 6748
131 330 5921
208 2 3873
965 789 56
154 587 8976
785 911 7450
670 961 2182
181 721 4591
485 100 1107
741 861 9330
801 874 1289
356 158 3010
55 300 4649
881 704 6116
184 537 8921
687 206 9838
526 162 1660
207 40 2570
107 696 7692
486 674 7381
854 911 5502
484 559 513
230 88 7763
410 319 4717
81 913 8889
442 784 8059
880 548 5358
831 594 9895
261 115 1034
764 370 1047
241 247 6297
228 518 4486
559 766 2323
480 916 6563
838 915 4828
889 515 6853
964 272 5986
181 683 4345
565 567 9303
625 99 9266
288 472 5933
131 633 2858
829 435 2328
723 807 9798
537 236 1580
541 935 8979
16 353 184
322 469 7384
227 698 104
583 935 3782
726 713 1325
108 828 9033
519 607 2311
699 126 1009
523 158 1437
183 931 3067
69 518 5223
911 379 9048
611 395 7716
499 790 7050
514 859 3826
664 863 7583
483 995 7076
983 741 5660
705 792 8653
184 483 1402
9 2 4990
447 631 6891
151 758 4778
546 829 2655
973 576 9368
59 8 9433
839 863 1223
768 895 610
239 448 945
932 27 4706
637 87 9195
835 46 5569
856 427 7029
580 481 2542
724 2 7967
812 438 3906
811 843 276
601 193 6634
424 864 6762
628 535 2688
340 218 984
265 101 3850
499 865 9527
988 770 1252
848 225 8785
365 716 5083
383 987 1152
456 107 2931
928 334 2064
482 25 2756
173 682 1876
211 413 5086
73 324 9775
184 926 7591
295 160 3771
480 303 3955
448 323 2210
429 970 7286
891 776 6375
941 916 9684
368 733 1087
585 471 7021
595 362 9995
584 752 831
569 390 3806
833 353 119
562 619 6366
109 407 3628
305 42 5147
951 911 5185
505 458 3103
708 439 6842
58 947 8988
7 766 7727
980 90 563
205 894 88
470 376 6113
570 841 881
187 897 2481
585 661 7627
623 547 9283
773 879 1126
880 621 5488
763 2 8998
411 860 6127
490 569 5152
511 911 8136
33 589 6846
442 611 6026
934 230 5228
930 126 9614
988 174 1867
938 22 7578
117 484 3003
909 805 6680
751 879 4611
979 857 7120
903 911 2242
909 52 7405
891 633 6861
562 169 1148
870 649 7097
732 170 6800
762 94 5191
296 797 7468
305 948 3917
245 8 5362
975 372 9650
226 105 5862
340 383 8086
871 353 8699
694 426 718
923 892 4346
757 649 1864
837 159 6508
516 350 8846
874 455 9234
892 925 7467
802 910 3021
884 271 5087
728 91 8727
927 4 4553
28 758 7472
528 841 4371
427 197 6183
286 62 2806
13 8 3510
353 864 9646
407 951 194
691 453 7791
489 374 1764
58 715 2436
675 754 6603
607 480 4452
956 350 8228
907 96 2531
875 722 2557
755 464 1323
118 695 8776
854 289 1826
579 358 7969
875 837 1771
398 52 8889
1000 953 9770
38 914 500
830 948 8463
112 329 7086
621 54 8677
517 833 5621
283 26 632
843 488 9935
642 437 2575
578 40 5079
567 505 657
869 467 4320
965 246 9020
906 126 8140
567 831 6739
522 852 9840
429 569 8287
39 381 7120
157 459 1987
462 695 4686
516 334 459
114 848 2497
653 193 7989
960 766 302
778 584 232
428 719 4047
545 723 866
847 37 157
525 37 666
439 755 287
557 497 8673
547 945 6603
36 138 5728
22 2 1768
457 680 6602
935 795 2445
181 174 8856
808 462 3229
643 670 7237
293 325 9257
473 509 3249
61 505 1655
182 890 692
256 608 7356
474 988 6635
867 906 9127
52 110 5989
503 531 4023
572 589 2235
917 187 2197
274 147 6644
455 802 1341
363 159 8004
350 771 8036
439 809 4867
993 675 3318
49 814 6072
693 967 6433
993 29 7328
601 916 9091
419 448 9363
643 216 1566
292 61 3625
546 26 5880
346 747 8815
206 386 6866
530 976 6808
110 380 8186
658 101 8812
664 324 7425
970 770 425
439 53 8858
551 43 435
8 379 7890
50 165 8097
447 114 4844
781 895 1075
816 656 1523
369 464 6273
893 995 2326
398 328 5295
541 956 9657
703 162 4905
520 846 2697
875 360 9246
578 408 364
294 712 3570
791 856 5044
719 216 9543
791 40 6872
674 684 4394
9 345 9451
642 848 9766
52 911 5420
947 764 1490
174 783 5790
199 81 9521
377 841 5846
286 401 6535
458 65 9695
881 706 7150
767 692 2248
778 329 4903
563 204 351
587 962 9743
233 431 2421
377 454 1394
284 858 6450
58 656 5621
926 584 8158
17 332 5752
740 724 9532
444 911 7051
716 95 8837
286 664 7124
560 950 8876
963 979 5069
248 652 1694
660 987 8670
696 608 5170
98 548 1210
622 700 4422
804 452 3444
752 848 2473
155 618 1238
604 457 90
413 575 1135
951 460 7722
314 213 7123
831 681 6428
512 889 1908
1 429 9672
657 191 8743
466 174 8970
45 941 5168
475 867 8550
148 11 8138
470 732 9143
977 506 6604
263 406 8999
224 940 256
297 492 5453
17 409 968
568 977 9024
59 385 3636
232 582 7582
16 723 5811
88 923 742
430 288 36
512 6 5800
863 809 8497
38 78 4903
72 261 26
196 851 9244
391 452 6667
936 2 6855
284 84 3963
298 382 5201
286 663 8000
812 681 4043
375 601 9829
714 190 8007
1 445 9030
206 327 6119
902 544 3835
533 680 8400
216 911 8299
720 546 6158
457 940 4881
484 828 6611
143 821 2082
997 435 7281
374 532 311
352 104 6919
621 136 9786
774 981 5730
302 909 9446
376 703 1275
254 630 5794
868 261 5222
581 30 4326
477 379 9649
545 217 847
225 153 4192
687 183 3811
303 152 6512
938 869 20
1 109 4515
237 181 3567
649 112 9558
900 174 267
243 620 9843
965 528 4053
998 421 2721
427 507 5275
602 260 6144
990 919 3788
258 815 154
503 363 5828
255 729 4038
295 71 654
886 71 5517
339 344 3925
770 722 9865
775 626 1754
134 59 4606
569 704 8918
895 581 3826
261 594 6363
412 265 396
455 951 7820
488 358 6002
308 768 4400
551 364 97
360 82 9523
636 425 9943
57 698 3350
357 948 5283
148 689 5735
711 317 9968
984 126 6981
560 867 2746
22 829 1326
32 215 9275
441 566 8261
215 824 86
326 556 1893
963 560 8884
621 597 3757
554 743 1408
970 930 8807
761 390 8520
552 548 4863
901 615 1645
309 318 9696
534 399 1395
701 844 786
153 665 8957
197 694 7580
70 167 4780
504 273 5041
723 41 2774
20 973 9377
750 307 3610
207 408 6426
90 2 3412
213 233 2259
981 338 113
226 390 6697
992 410 418
339 685 5140
193 218 1833
989 943 7983
639 174 2849
868 252 9866
574 59 9405
57 876 5474
1 100 1083
715 30 4576
182 435 79
904 799 9796
471 392 6004
243 523 6741
898 4 4598
754 961 4887
870 478 6283
25 93 6289
746 909 7731
844 194 2363
569 720 7721
462 713 6319
462 110 1625
789 360 9328
543 722 4233
453 401 2741
551 110 8041
895 245 691
274 928 9021
463 359 2063
139 460 5052
29 674 8319
965 816 6843
956 711 6558
395 575 6039
102 259 4588
59 581 1325
987 732 4187
799 317 1616
349 918 8288
745 314 6189
242 608 5148
287 687 2488
634 966 5181
983 957 4267
920 847 7545
567 258 2235
162 771 8573
728 694 5345
675 180 5912
956 946 8233
699 618 1762
810 261 8711
39 286 6251
983 99 2855
172 152 7033
870 916 8735
833 383 6355
211 978 3937
506 143 3170
137 334 7614
617 331 1704
521 696 8409
834 55 6458
960 436 8977
65 77 8733
652 541 4395
998 962 1897
661 544 1819
573 849 3671
279 617 382
348 102 5301
750 617 4921
329 405 8927
313 121 8428
412 97 1277
130 998 7821
667 943 4138
10 39 2687
441 823 2128
782 656 4861
366 301 4993
326 909 2603
610 972 8115
830 842 5773
661 437 1663
515 503 8373
400 161 9078
878 35 4779
415 205 2534
296 985 3506
497 960 811
795 905 7298
320 802 6413
667 83 5711
497 787 7651
86 864 7759
33 937 1457
638 711 5799
992 950 2000
402 570 8332
945 844 7545
415 846 7517
908 363 4491
122 949 9246
828 916 9514
997 417 4513
161 976 6651
287 914 6246
52 818 2421
667 821 1742
82 846 1782
96 403 5523
931 63 728
624 278 6484
324 710 4968
179 313 1800
23 396 8715
826 524 4964
954 665 3447
42 860 3456
719 289 8509
364 337 5806
547 543 708
79 387 6841
787 502 8047
308 363 9177
66 417 8989
126 301 662
295 389 5517
667 509 120
244 962 34
523 683 5196
607 10 405
332 641 4721
698 245 2259
302 88 6427
247 494 8329
226 187 7583
67 708 5896
325 440 2210
5 370 1415
299 821 3508
982 837 9979
368 53 5411
78 460 4936
383 486 6446
744 261 6886
989 509 2053
650 889 8926
611 159 9436
265 176 7459
800 325 6905
601 443 8421
892 639 8740
643 672 7139
655 313 5513
871 907 9478
289 608 9022
518 437 4166
187 425 8436
752 609 359
153 328 3052
759 965 5148
897 509 8407
497 52 3088
773 793 6837
690 404 5233
52 508 3113
937 127 9786
663 951 5141
344 14 9979
97 826 3802
533 75 9210
510 720 9138
546 155 6359
704 219 486
179 906 8769
458 736 4411
300 552 3680
932 816 4009
399 951 7745
290 941 4454
494 855 2553
894 559 9961
814 125 913
756 189 690
918 461 2182
324 157 1807
745 557 4358
876 485 4260
681 914 3441
605 987 4257
12 623 4703
423 197 3848
602 714 9326
811 537 3279
832 96 2378
616 969 2529
544 576 2943
555 665 8242
429 668 7043
769 719 8649
958 720 7680
686 31 6090
627 598 2667
779 44 9460
259 406 4635
430 967 9685
313 159 4463
430 204 3597
692 889 5762
254 908 7239
957 777 6258
780 592 2730
269 431 548
670 157 1764
641 494 2792
624 352 6597
379 2 7247
961 363 8712
426 452 9056
125 424 8256
222 233 3979
269 494 6048
711 712 6952
258 319 404
315 847 9838
189 162 7543
210 572 1824
421 663 1606
490 211 2208
1 133 2118
702 391 467
701 841 7471
626 951 612
410 100 7098
242 935 326
92 2 8710
795 26 3247
300 139 6765
971 752 4791
54 526 5959
332 2 4216
43 910 8186
91 917 1628
450 178 5227
371 203 216
621 890 7744
628 592 328
486 793 7894
591 261 8313
186 506 8067
596 610 5115
920 260 2266
674 115 1880
665 218 4458
906 991 5580
29 419 7798
964 481 7984
582 258 9152
787 154 6552
842 730 9703
18 778 4175
503 2 6848
525 168 5642
912 989 3266
717 232 8459
214 191 9156
77 520 7756
250 820 1900
625 460 9886
900 665 2351
674 86 4914
355 460 1608
877 941 7824
876 796 4340
61 153 5531
417 41 702
969 513 7921
107 945 8987
34 120 7911
394 703 9284
726 355 3890
889 753 1334
181 331 8385
458 559 9747
358 508 8803
689 467 1554
760 306 891
760 454 5734
385 733 6781
530 314 6923
42 223 9840
972 771 956
606 380 1169
548 433 7403
7 814 7971
751 948 7103
394 771 8565
992 401 677
348 769 5427
207 851 1702
185 334 6526
29 703 9128
670 737 6298
943 971 2598
33 817 1003
668 765 5987
443 694 9281
357 195 8975
486 779 2772
962 783 7670
842 883 5556
961 889 531
879 444 2104
262 860 6982
537 985 7983
170 359 7680
588 155 9162
751 861 170
975 324 9142
218 794 226
928 563 723
953 33 3267
851 684 3182
73 674 5262
699 909 5971
906 858 9498
585 871 4748
684 654 2764
223 698 6482
100 764 7742
132 570 1222
586 880 4424
22 561 6431
442 272 58
159 504 292
28 297 8127
27 445 8258
613 110 365
767 281 3892
673 359 8669
21 647 1281
716 482 3552
500 136 4680
208 253 308
184 289 1433
372 560 876
24 100 830
780 401 3224
966 310 3043
581 682 6402
273 451 1943
581 650 3830
914 605 245
57 125 7591
52 653 2211
449 477 8757
356 115 418
473 528 6364
1 586 4952
203 93 3934
254 76 7702
166 401 9045
637 435 2108
911 424 307
292 412 4900
661 508 1984
928 681 5597
77 945 3239
310 894 188
25 882 7815
657 698 8887
281 370 265
915 887 8315
830 141 683
438 523 3090
906 75 2270
527 489 9862
648 944 5875
596 323 6579
20 758 7195
493 139 4837
75 308 2598
454 460 7189
368 273 2828
482 338 2515
574 428 6260
491 343 1026
777 141 9887
64 550 5452
202 422 8039
381 766 3259
950 640 5918
873 919 5546
617 169 4236
136 615 8899
4 370 9615
474 893 5513
46 916 6806
756 873 1586
989 32 7676
197 945 8906
318 958 9494
801 401 4590
631 192 6081
275 477 9005
138 503 3855
819 240 7250
418 437 832
379 552 1799
828 205 2701
970 816 1686
1 7 2551
962 205 9330
427 60 1944
956 705 4594
952 644 851
912 118 5523
445 823 2607
145 706 6604
83 506 1455
309 148 6973
283 310 4262
135 636 1128
310 559 7187
221 861 694
942 726 7997
845 67 626
53 204 8281
841 394 1688
225 409 5214
168 713 7635
131 979 1972
165 225 3882
619 597 5326
662 833 8524
7 515 8417
911 545 6538
70 4 3769
227 441 9012
1 993 9050
620 578 1648
1 937 6345
492 192 1581
433 218 8519
474 108 9156
655 183 1891
229 46 1101
759 630 6897
289 413 3265
808 310 4246
900 110 2484
801 168 4135
869 356 5147
952 352 1944
548 516 446
898 525 7955
998 73 3379
299 787 1171
942 695 338
623 220 7506
673 639 3069
292 317 2717
510 471 9717
449 572 1163
321 894 5788
252 76 3496
961 995 4598
217 710 2131
789 858 7256
162 636 1540
883 749 3650
951 325 6722
146 791 6412
839 697 9420
530 922 5043
530 637 2602
170 108 6151
425 344 5854
796 695 3138
174 760 356
157 379 1166
811 304 1301
510 556 460
61 104 9060
207 987 3525
461 668 3547
713 653 1453
366 895 1955
456 668 3759
43 409 1059
698 876 137
693 436 5780
297 320 5379
561 492 2738
590 1000 6696
511 926 9175
191 197 6582
493 528 5611
346 447 159
867 974 612
185 630 5937
65 26 8667
255 751 4243
410 499 2507
871 581 442
569 942 1501
240 84 5744
423 2 6515
864 608 5476
385 42 6365
66 125 1974
177 406 4868
343 502 769
548 971 1401
313 474 9731
990 256 8303
702 176 2791
456 613 8377
722 379 7689
803 15 1059
741 82 3252
308 173 6510
834 196 3501
183 519 5969
76 963 358
727 745 9856
581 266 1337
595 543 5866
524 300 4198
897 749 5693
874 463 6048
31 426 3243
699 378 7400
372 401 2504
196 599 1040
813 697 8290
903 484 4722
429 600 3157
1 94 1027
682 342 5841
776 286 3982
487 86 3602
1 385 7309
60 340 3999
312 613 9797
957 915 5922
409 408 4832
751 999 9895
670 341 3766
918 33 9220
500 224 503
246 6 3699
600 280 429
160 585 1549
104 339 9894
548 190 8853
911 460 6753
676 829 3843
726 26 9720
96 245 1962
735 467 9788
164 418 2039
371 876 5220
797 19 9898
174 43 8035
181 957 3578
841 8 8621
156 581 4719
429 887 1692
939 513 4253
528 424 5208
807 427 6438
533 879 9500
447 370 9702
90 441 9180
233 187 9978
661 500 1655
949 127 916
1 350 1019
187 181 970
637 9 9533
145 482 5316
703 277 3236
237 788 4479
404 628 4438
760 394 154
571 604 2397
484 353 4418
362 174 7394
457 10 1480
649 490 3916
793 37 5300
643 235 8874
871 323 6507
171 408 7344
672 926 6926
740 301 5006
629 615 7386
225 16 4361
638 659 5866
263 828 8598
413 236 3261
34 730 891
336 320 4818
289 205 9081
36 312 686
849 291 8854
903 802 6816
707 696 1751
1 740 4790
303 364 7934
293 426 6178
492 124 7127
1 682 4420
932 441 9148
749 614 9150
203 498 2072
334 408 9831
158 518 1371
814 205 9488
71 96 5
235 393 9433
19 739 5027
114 796 9738
583 865 3808
906 882 5821
701 941 5319
273 333 1515
896 157 1619
596 168 9835
246 371 9156
909 830 2396
334 205 6650
388 306 7590
857 997 1683
331 363 3850
799 442 5283
645 928 865
115 663 9576
876 560 9644
845 202 9182
222 793 7624
154 934 5950
288 55 2997
616 532 4041
408 935 7822
862 96 8108
224 828 2344
871 485 8007
883 892 4949
351 278 2873
964 721 3712
859 296 7212
879 283 314
213 146 5659
908 205 3587
899 713 7501
150 929 7921
835 443 113
142 242 3296
602 484 1255
749 987 2743
60 135 9191
650 205 6337
666 663 6038
105 128 3219
660 775 8356
395 581 6811
540 899 9996
378 374 5814
241 641 2012
177 782 9020
837 572 7740
557 493 2092
869 375 7634
23 933 1629
561 678 7717
799 793 6318
96 52 5887
352 853 9009
760 960 6766
461 563 7612
790 733 571
664 680 3259
869 521 8009
403 310 4358
131 436 8246
612 664 7700
52 53 3432
216 52 8605
397 984 8830
429 120 1863
30 495 8593
581 153 5707
137 751 271
55 856 5266
126 608 4518
246 605 3274
450 344 8167
127 56 5748
691 2 3022
935 2 1097
449 21 4671
305 341 4726
333 773 5308
195 537 3034
924 215 3969
956 600 7632
797 3 7119
34 819 8637
316 2 5957
955 281 3391
246 315 6440
990 339 1051
906 736 9251
580 992 1027
729 791 2539
364 400 380
190 739 2088
83 615 2322
56 163 3410
677 758 7914
606 573 3887
888 382 8979
617 58 5576
772 911 5237
176 935 7151
561 413 4294
239 212 8966
376 225 9671
245 260 8882
719 32 9784
912 125 8939
313 523 9527
361 270 8998
556 174 1927
30 832 599
980 672 6508
823 605 2115
663 223 139
153 205 7501
990 895 2259
402 100 5994
152 685 7190
603 124 747
536 2 9581
733 219 2893
57 13 8528
592 942 4717
330 697 3869
361 668 4269
367 793 2566
1000 894 5414
759 884 454
560 559 3581
426 45 4652
718 27 1642
444 566 1573
945 52 4091
861 545 949
803 408 4521
567 422 385
149 772 5229
144 677 127
172 518 8028
503 465 1172
305 124 8916
174 110 7167
914 759 8801
619 188 899
300 128 3541
994 620 3695
440 44 928
652 464 5809
65 625 1259
784 23 9457
733 253 8321
121 371 5472
172 990 2969
16 350 8089
808 898 3139
469 764 5083
683 691 1702
269 634 261
827 367 4257
589 489 1862
706 522 3995
652 745 7896
357 562 1068
191 4 6329
425 967 4980
340 56 3890
637 331 7013
846 52 2101
1 486 4510
561 946 2584
648 216 8966
512 573 2377
1000 409 4274
878 889 9727
118 835 1134
458 771 5126
658 456 5783
574 799 209
325 420 6834
375 628 4708
380 451 4605
761 709 4992
573 161 9492
409 935 5919
309 185 3906
448 422 6091
226 41 4395
844 984 4230
948 130 7435
434 414 6129
994 160 9258
874 645 1926
37 24 5751
614 581 4634
757 643 3824
99 700 5203
999 732 8169
833 160 148
895 94 7925
499 838 9667
847 485 8162
604 456 9393
672 96 6619
235 800 6964
725 89 58
21 230 8407
703 767 3139
737 935 6220
420 2 1394
843 493 2052
592 343 5118
591 604 9088
711 793 3536
681 76 2200
816 614 7573
553 610 5092
124 2 1937
954 152 802
116 418 6602
424 13 9319
364 173 4993
253 679 5854
364 770 8879
415 110 5902
643 366 4763
206 455 5040
203 167 8145
192 120 5252
416 588 9572
880 394 6342
380 249 7197
751 899 9801
732 793 750
584 694 7680
737 775 5188
279 47 6394
594 75 9922
931 660 6926
949 840 6964
408 2 4842
199 748 6913
804 680 9704
833 764 8355
466 987 6776
394 559 1063
166 165 3018
243 858 563
275 22 9543
382 572 1388
534 171 776
184 67 1337
402 966 2697
757 552 7763
172 528 3696
147 223 3538
945 695 271
297 990 9104
776 698 4249
270 134 183
591 513 2686
234 626 4378
164 210 7329
115 245 2003
821 601 2366
147 140 8295
855 525 4285
126 244 9342
747 122 387
670 615 6711
347 933 1484
1 818 9094
884 48 2338
377 290 5849
854 665 4046
723 964 3329
103 557 6248
789 271 9587
632 834 6418
256 672 4765
957 189 456
12 930 771
816 926 8348
388 429 908
43 100 264
718 394 3170
946 975 6802
718 868 6791
86 367 5419
23 44 3120
827 844 3341
289 460 695
252 446 751
92 72 1692
651 703 8955
567 546 6105
358 485 6301
494 123 9768
662 544 598
476 584 8917
26 355 2400
599 139 4589
239 901 5857
1 19 2560
66 877 6953
887 783 9649
836 380 7574
284 500 2713
149 978 7053
236 26 6540
151 625 126
181 900 1209
462 63 8305
902 300 3632
193 480 1888
424 907 5746
183 880 7819
455 846 3637
996 764 1446
304 496 1696
333 252 1226
685 726 1478
144 650 4908
832 2 2652
456 540 7717
755 527 1734
63 153 1382
372 745 2431
624 483 5473
625 104 7710
409 951 9115
317 389 8827
233 527 4748
217 311 3729
342 38 9897
975 934 4215
461 2 9048
471 557 85
303 684 135
844 814 1304
429 400 7448
927 176 7595
242 315 4486
595 877 4024
686 451 3964
982 349 3477
759 649 7938
612 383 7720
197 766 5347
93 454 6217
576 680 2431
329 4 6299
684 647 2585
251 960 249
353 100 8452
877 746 8898
35 493 7728
402 876 9592
219 940 363
105 492 1116
975 773 3403
280 829 5643
663 118 2204
705 787 9307
415 2 8351
489 627 3030
81 454 7865
204 267 5356
165 240 1499
274 151 2694
783 218 3257
400 199 3466
337 897 6842
541 495 3734
514 926 1748
101 614 7508
477 860 7424
753 447 5664
225 37 7037
701 295 9668
535 348 6362
938 570 8252
165 114 7439
27 727 8591
527 522 1678
927 507 9434
67 821 1515
179 168 4360
969 645 1444
452 278 3768
595 500 8404
739 860 746
151 855 5757
836 692 5244
398 310 3703
429 459 4808
371 91 4511
820 336 79
646 502 1045
201 386 1232
210 44 2166
566 337 5325
14 650 8377
579 413 8911
149 394 8108
834 241 8527
321 332 1670
999 163 5602
454 641 499
556 564 7101
452 328 9848
389 38 448
826 114 4501
446 366 7577
848 940 5481
498 759 900
166 842 2497
723 279 8029
617 959 4674
834 929 68
784 441 5349
954 23 6571
614 773 6392
112 648 1828
743 79 1467
247 609 3222
897 38 7777
388 921 8003
101 315 3248
232 376 9673
278 247 6725
850 799 8942
393 946 1864
878 545 4798
72 170 9764
636 496 961
999 484 7403
410 94 6003
345 654 3840
698 764 2951
772 454 8276
134 931 9931
150 705 52
731 126 8147
186 350 8495
656 855 2331
480 789 4611
88 574 99
305 867 7148
602 301 7298
404 439 282
59 53 1961
579 872 7940
46 454 2839
40 119 2595
204 606 3794
946 900 8431
133 456 340
199 280 3122
127 840 5833
853 891 1083
28 504 5163
651 583 9932
742 436 861
32 287 4487
754 466 1484
290 865 2612
121 670 6632
442 630 7002
161 384 5793
740 571 4699
871 674 1015
276 42 1165
401 604 4384
913 809 3500
302 183 3579
392 969 6466
798 431 6037
863 437 2381
258 606 5645
173 785 9694
307 662 7277
975 636 2530
811 2 3978
723 172 6703
770 28 820
34 36 9771
30 72 251
710 472 5289
361 784 809
690 271 2671
198 720 1901
990 408 8640
829 110 5127
325 5 2467
529 110 5969
604 259 2822
596 471 817
242 614 6873
93 314 6209
348 302 1430
314 711 9796
847 370 6156
814 164 8105
503 781 826
474 425 1549
334 310 5782
644 572 1845
535 835 5766
974 511 7662
987 174 5662
221 551 2549
834 405 6518
469 65 496
381 985 4254
262 355 8998
965 624 5100
927 46 1984
691 110 7385
655 245 654
417 209 95
661 94 1705
522 410 5065
155 894 7712
526 704 203
611 671 4928
737 110 2535
166 745 1104
220 576 4831
967 466 2406
322 557 6796
420 328 6634
20 240 2381
354 510 7001
639 827 620
32 198 7700
801 740 1412
920 947 2216
817 952 2251
45 377 8480
681 984 9464
512 371 7860
146 631 9575
592 715 6015
611 323 6114
435 525 5806
332 895 3876
839 822 7808
34 666 388
565 536 8041
531 303 691
873 862 1311
431 224 3877
842 235 5381
674 161 4759
941 379 9700
383 941 3281
512 571 9786
301 105 3354
573 339 4684
671 518 6599
259 549 2376
918 92 6607
796 911 1301
174 536 1172
18 355 736
591 673 2511
896 437 1574
364 889 8875
468 94 7997
742 568 7893
300 846 5802
296 861 2354
106 564 3343
774 486 3822
61 63 3832
918 979 1927
434 284 2245
485 910 9214
511 197 422
30 181 2805
314 281 9336
325 360 5668
459 640 768
213 407 9124
786 270 841
220 107 7350
185 11 7955
118 741 3198
179 236 4533
607 187 5517
674 63 8436
109 245 9639
281 771 6729
484 679 4349
504 931 5645
98 664 6099
174 935 9810
658 205 3232
996 604 4050
35 848 1097
149 230 6569
124 681 58
762 529 7678
209 26 5947
914 2 4171
205 189 1994
745 100 9829
597 54 5379
722 843 6
415 260 2322
305 404 9370
327 382 8266
170 544 8715
195 501 108
1 958 7695
144 517 5760
883 216 3494
806 556 7765
446 716 1259
378 890 2683
102 954 375
196 641 2889
489 67 4158
238 409 6452
441 430 8516
571 761 4688
930 620 6796
35 861 4625
944 717 1379
1 701 2368
194 678 7392
348 549 5801
80 395 5908
291 769 4236
881 398 1420
987 561 1700
509 935 4032
315 161 7257
125 484 7982
927 582 4704
465 816 6894
77 904 9887
343 406 3749
168 205 6344
978 7 814
576 228 1643
139 2 9999
955 714 7450
521 513 7084
370 205 1268
552 15 6232
908 320 4534
285 296 9991
118 339 7976
453 637 4307
719 426 4602
416 624 8584
684 860 5496
795 438 184
440 85 6028
633 518 5996
172 2 4468
32 374 7260
944 40 919
736 587 2222
785 656 6375
652 299 3922
120 113 4758
136 773 1848
70 677 2771
215 751 5115
51 830 5136
750 133 657
88 648 3226
112 428 8381
163 411 9980
478 328 3591
542 89 7295
139 424 1244
698 461 9588
630 998 1573
463 240 1587
411 79 6054
697 815 8128
758 957 702
655 541 1745
245 665 9808
635 497 7678
782 854 4257
555 268 4341
634 436 3574
782 732 4351
40 462 3502
556 90 1820
22 568 5875
801 144 3921
87 501 2763
460 559 3623
37 139 6110
357 899 3488
857 903 9059
113 101 5121
510 637 5943
204 450 4191
356 205 2804
820 405 4199
667 921 2861
679 165 8025
146 536 5495
483 463 1221
45 359 6305
554 207 41
896 814 4108
551 974 5328
330 727 7141
728 399 7077
492 122 1016
928 71 3062
273 228 8255
53 394 6252
68 797 4912
906 884 3701
225 278 1815
622 64 3240
864 828 5511
314 458 5965
49 756 7540
560 66 314
370 587 5029
168 915 7972
265 248 4820
764 518 2372
607 413 1070
945 806 9473
708 890 3996
394 8 7723
817 995 1280
417 536 1617
186 5 7652
763 248 7294
858 169 6542
139 242 3442
429 551 5507
254 603 1051
359 808 7657
867 380 480
436 362 2341
280 195 613
217 322 7798
241 467 135
468 417 6289
822 331 6085
661 649 1709
547 649 996
841 894 7641
796 59 4609
942 639 1848
583 440 3634
838 18 77
28 158 2665
284 11 3007
439 106 2691
257 617 9568
737 37 4770
370 794 4057
727 534 2199
744 672 1742
670 453 6122
628 506 4160
156 219 8727
353 738 2246
502 355 2215
804 943 2616
268 927 6117
802 355 469
473 387 1527
376 878 8625
474 593 7978
210 711 8492
769 403 9879
489 771 4446
101 431 7182
990 409 2086
578 712 6689
274 597 1388
813 772 9204
75 73 8580
433 247 8500
937 660 6073
703 345 730
257 14 5834
458 27 8050
463 978 6313
197 835 8479
20 837 9515
892 20 1809
243 944 97
469 131 2621
256 220 8453
924 134 2207
278 513 3509
894 355 1664
564 589 7496
44 613 6852
673 813 1502
262 3 2737
370 793 4131
392 453 3990
991 402 8065
461 250 8952
629 689 6354
197 224 5062
28 933 4130
638 72 6696
196 945 4830
613 409 8908
404 394 6873
452 650 4299
109 402 857
881 778 9998
348 268 5075
324 58 1060
666 787 3458
352 127 4211
150 985 8830
534 590 6872
480 84 2943
677 838 4285
1 388 7300
591 905 4911
777 230 3294
14 871 5081
61 532 1758
207 679 9261
873 154 1238
73 506 1958
36 522 2707
837 388 4704
51 156 2032
384 301 4514
136 960 9064
42 176 5325
193 8 1631
135 107 5207
662 382 4565
453 717 1016
74 785 753
973 679 5585
993 837 7235
535 349 5283
259 574 1431
921 52 6125
293 680 736
550 908 898
191 154 5921
514 538 6330
108 355 5209
705 378 5812
493 864 7483
92 647 6973
886 281 5688
826 646 2997
398 974 6700
956 455 2186
325 635 2283
793 540 9111
703 919 7802
871 8 5280
784 904 7173
183 205 5874
410 429 6227
958 417 9796
751 260 1604
340 792 8381
56 987 6502
733 966 2440
868 287 344
82 407 1044
758 674 910
130 655 2530
221 457 4582
603 235 3062
511 50 2293
70 715 2109
606 17 86
234 299 5261
848 714 6961
1 6 4831
197 4 2607
824 577 2687
146 580 3889
610 810 8223
263 987 9180
643 3 6245
813 333 5357
497 65 1988
574 449 3185
535 28 6482
469 417 6016
13 804 5515
831 885 2428
681 993 9192
6 926 5169
881 501 9156
214 583 376
441 143 5171
810 216 2665
896 798 3425
303 712 5325
556 985 8612
788 844 4608
463 509 8894
181 524 8822
595 369 4829
856 317 2157
961 195 1042
791 381 3153
199 875 3847
698 109 7036
387 50 1943
641 281 5762
419 107 416
752 708 5123
84 803 4769
53 218 1612
265 514 9857
208 620 9446
628 11 8371
699 226 7765
394 427 6939
163 37 8755
464 127 9161
123 576 754
519 616 270
729 743 6330
228 428 9025
936 28 5230
384 778 5250
635 984 4962
733 245 7049
628 193 7399
869 77 1913
939 427 5535
125 42 7395
444 100 5393
76 586 7088
949 140 8988
90 603 7727
693 331 3584
565 242 5240
104 390 2255
69 277 395
367 310 7508
605 16 9426
219 328 1790
116 202 5050
922 638 2498
136 965 9285
999 153 6269
119 667 624
766 2 3058
643 91 4642
768 942 2735
431 36 2956
948 460 9610
931 44 716
173 446 1379
567 265 9844
373 467 3646
337 898 2972
269 632 5355
443 163 5802
917 827 4351
481 163 3982
739 215 2008
121 598 9795
348 670 7345
260 951 5458
830 438 3540
617 648 2732
857 778 1905
617 807 4380
803 742 5577
772 575 6452
561 266 7134
358 12 5441
947 738 1873
450 83 6783
539 309 3688
678 93 1343
645 951 9943
154 629 692
450 534 3718
844 867 4181
412 598 5784
232 604 9853
964 899 930
316 85 6764
405 166 4110
446 471 4136
766 683 3290
946 842 1145
904 194 3034
481 613 2064
245 633 5399
955 554 9674
949 63 3866
635 772 2156
496 630 9747
772 967 1149
618 517 2211
818 12 7089
627 43 6838
444 696 2861
869 576 5886
162 672 3377
176 412 9355
6 271 3674
444 771 9356
488 280 6242
373 837 3968
864 794 4382
910 394 9699
952 572 2378
765 520 9967
915 56 6603
476 350 6521
467 86 8166
362 353 495
117 228 8088
690 616 6798
74 813 4417
920 466 9746
328 766 6283
852 918 4205
142 518 7572
607 336 7461
463 629 4453
104 677 1824
320 153 3193
627 284 6157
324 216 4011
669 815 9976
432 78 8878
717 598 6121
976 77 5170
296 862 4409
327 168 1337
881 621 4956
93 807 1352
279 181 3265
576 379 5838
280 971 3669
576 331 3513
162 717 6183
32 272 9194
688 128 676
271 802 5960
41 727 9730
790 588 6934
402 394 8488
194 50 8513
173 881 7785
243 449 8601
918 542 4020
68 72 4778
399 389 6615
772 436 2178
621 633 5128
395 382 3307
271 197 7619
738 625 1835
883 225 3288
969 738 5791
465 839 8673
395 350 4039
380 514 7088
815 803 8992
281 960 1467
388 855 8677
792 604 9258
484 110 5908
367 408 2160
794 559 813
156 629 5659
80 724 9127
699 419 1759
591 287 7020
957 721 3729
406 981 6898
656 576 7077
279 144 1094
650 766 4942
208 225 4688
317 862 2082
877 370 8088
393 85 6865
825 93 8533
21 866 9019
570 16 3848
331 37 62
331 899 6217
899 940 3418
915 999 6841
669 769 3432
377 240 9237
621 57 3308
698 427 4684
117 725 1182
273 663 1131
701 955 4275
11 647 3659
800 282 1980
611 795 699
461 873 3000
122 694 488
682 718 5572
498 209 3128
171 389 6640
267 419 2855
349 196 6638
407 610 3483
853 182 3156
132 960 3744
644 180 3991
448 962 5522
726 831 6567
95 465 6381
728 613 9986
290 796 8424
204 96 8311
906 435 1396
201 545 9826
850 630 9061
258 443 4278
575 238 2711
228 452 9109
1 217 9386
28 884 4276
422 31 6609
783 334 8495
504 52 2548
126 682 7451
739 436 8587
956 988 4856
907 822 1371
374 843 7912
793 608 8005
376 698 2674
630 28 4439
608 8 9357
686 842 9885
778 972 2518
671 44 4087
632 687 4302
4 590 3796
800 62 3346
886 847 5580
591 376 7719
706 144 6577
889 280 3538
318 579 2117
443 972 6142
596 402 9817
480 771 6591
649 620 5287
38 687 2057
648 39 319
500 362 7421
980 324 5874
688 460 718
819 884 6941
609 626 5438
892 695 9735
737 562 9501
584 935 6567
496 472 3373
745 331 5607
501 202 6184
717 186 1524
762 73 6347
90 503 4200
382 444 3504
607 608 1688
544 381 2466
300 117 8078
189 721 7302
395 67 8872
350 8 9846
539 789 1621
346 81 1549
838 726 2381
529 390 840
974 93 6677
70 263 3085
726 796 970
535 153 6058
607 475 8652
197 456 4643
613 572 2644
112 911 2106
842 715 2564
368 83 1283
849 2 7654
545 288 8268
697 705 1194
837 128 8481
927 982 1548
732 224 2424
385 328 2513
136 509 2732
598 346 1041
666 943 6324
265 496 4323
49 306 5545
849 49 5404
671 712 1284
358 107 7413
80 988 8187
824 627 7241
202 128 4496
318 814 8008
43 353 6705
337 935 6366
34 362 9698
38 792 2953
657 544 8490
342 967 8110
429 769 3092
983 993 1138
796 53 7699
436 899 3109
967 846 7791
485 781 5684
528 16 4646
431 974 4600
965 526 2335
231 592 1939
973 767 6353
259 503 1144
527 639 2538
865 609 9972
253 260 626
644 397 5189
151 93 6141
598 758 5687
929 372 331
436 37 1464
43 394 7904
791 876 5335
305 14 2273
10 754 2589
471 968 2091
831 920 4866
240 193 1473
589 822 514
755 265 9713
194 329 1704
991 377 6767
910 350 6767
47 768 6829
153 794 8506
46 164 4321
946 620 103
692 997 9766
735 927 3768
381 929 1444
143 428 5375
26 63 3376
225 260 5483
226 164 7806
530 350 3941
68 76 4856
778 223 6348
121 135 5660
447 790 81
794 485 7464
863 402 3948
717 707 7101
205 665 9271
918 965 6491
786 71 2948
976 923 3292
821 131 3762
616 106 8200
596 654 9065
523 734 6208
840 660 125
20 791 4418
93 86 1610
1 417 965
438 978 3404
787 713 6080
980 764 2142
77 559 7215
348 890 1831
888 497 5162
192 586 2177
88 805 7751
609 790 1581
149 280 8155
673 426 3489
319 531 5569
222 257 1047
223 13 309
744 913 6802
925 253 5629
644 87 6215
707 875 1078
642 259 4555
238 760 1403
333 813 8911
958 109 9619
209 178 2950
140 170 1015
891 730 7420
13 771 4745
297 519 2142
210 951 8920
573 598 4933
520 57 6696
541 807 7896
187 107 4268
707 334 2042
406 219 1488
706 184 8651
235 544 9249
559 379 2274
214 737 1638
589 240 8035
539 112 3944
534 691 7409
908 971 9655
511 655 4235
946 764 2431
867 421 5644
767 612 6846
235 701 7542
283 37 4970
257 662 5563
866 36 3000
406 960 8236
369 447 9239
780 247 9619
5 40 2325
274 613 6058
251 45 8918
789 892 6875
366 354 6946
647 677 580
127 732 4447
652 272 2141
360 52 3720
777 295 884
560 77 6027
682 288 8196
795 710 690
641 43 7119
944 674 2282
891 786 8880
556 467 506
434 871 7602
631 507 5428
155 698 4715
982 128 709
240 47 9557
847 462 6743
93 886 7626
813 31 8079
709 854 5024
827 359 8946
776 53 183
94 911 4986
517 385 6733
849 148 2814
80 859 3061
43 218 2220
869 166 9867
435 195 3413
937 585 2093
49 652 9978
296 573 8045
670 672 6361
304 727 9551
633 209 6897
898 386 3732
45 218 869
78 211 411
137 785 3627
737 255 2302
661 883 3984
747 942 517
128 738 7554
882 336 1991
286 522 4342
499 50 1741
217 107 7522
482 243 3189
899 37 9900
477 831 102
765 548 4327
370 42 143
383 488 4194
413 262 5274
843 926 3830
987 57 3804
599 335 3509
712 86 2346
513 726 2472
809 553 1296
201 632 7940
204 605 3177
480 474 4882
170 654 4832
746 462 9641
763 178 6227
882 935 8715
982 605 3281
521 193 1879
665 193 5373
806 46 8787
490 899 4076
789 8 536
333 823 4559
299 65 940
773 328 4385
133 971 7388
445 144 1072
599 346 2932
128 355 913
905 943 3426
22 40 7998
940 281 816
158 836 8766
747 271 2355
609 379 5149
523 85 5330
591 534 9900
466 650 5187
410 983 7932
609 394 2966
377 452 2125
110 940 7025
860 290 2835
451 682 1862
797 719 6708
302 355 2946
884 675 3515
577 264 9857
598 782 1456
735 185 4992
905 247 8880
491 331 567
755 621 4149
165 430 708
185 308 8638
857 137 5191
197 641 2741
725 225 3328
639 78 5656
711 775 38
153 590 154
524 40 2384
680 110 9468
252 661 6447
483 696 5146
872 419 6589
263 148 594
212 763 9904
451 873 3482
939 555 6406
835 57 1828
380 560 1390
76 563 5734
227 36 5276
244 694 4819
663 712 4005
719 220 2413
589 513 2258
354 677 5422
660 766 6651
866 209 5378
264 184 7474
364 398 4596
859 11 1254
845 806 5426
816 758 4985
835 335 1252
344 111 970
273 866 8565
908 467 7607
810 253 8500
100 911 8464
248 158 2009
531 706 5207
253 481 7180
108 47 8819
305 58 4050
847 309 8466
178 238 7419
629 653 7468
156 367 5163
464 351 985
22 431 1057
542 323 570
754 683 8886
617 541 9249
437 935 5586
84 832 9859
356 535 5372
330 747 8292
155 246 1866
398 679 8254
128 142 8633
141 243 7732
442 183 7487
763 404 2234
378 551 9838
955 971 9110
431 37 7374
48 64 9938
912 999 8063
309 815 5509
827 696 3842
571 686 3080
301 881 9300
655 841 3457
399 820 6044
386 2 9728
140 807 8364
814 837 6259
916 793 2984
640 869 2211
160 666 8177
547 635 9759
78 148 9094
519 654 7618
962 779 613
15 640 8218
244 233 5491
850 495 3834
261 508 6153
393 538 616
346 236 7730
866 233 1071
950 965 4481
1 78 4393
817 87 1819
333 179 6838
327 673 2875
467 63 4528
439 462 7478
759 3 361
99 567 9084
119 255 1964
464 810 9867
578 707 3051
294 713 2450
354 666 9234
738 100 3315
797 843 9780
828 24 8157
581 86 7078
991 924 7751
984 641 8157
703 926 3869
303 988 8286
89 373 2628
65 756 68
671 910 6989
402 298 8321
879 733 7287
756 768 7471
476 66 8824
248 449 8606
712 539 9501
848 268 9821
996 32 9004
144 886 8011
696 595 7493
209 332 9349
258 421 9997
448 303 4208
74 859 5022
237 900 6347
933 429 2824
333 698 8100
741 567 8701
246 517 9456
676 677 5037
387 372 2449
1 530 823
637 882 678
54 165 1138
640 218 8502
169 530 8732
236 581 9275
983 288 6588
597 437 948
481 656 2405
613 353 8036
497 100 5032
149 557 562
983 637 82
693 358 2830
643 850 7165
618 612 5513
278 356 4301
262 967 4706
355 409 6515
157 263 939
601 316 3031
208 356 8407
677 211 1502
23 834 3403
565 572 5151
470 135 773
114 591 2391
868 9 5965
408 903 1109
444 736 2151
641 310 1506
457 423 3968
573 928 8834
255 53 5105
873 467 6945
814 839 1394
810 726 1415
678 805 1537
48 135 1868
444 833 7217
397 718 6147
680 518 1152
265 680 2247
460 394 4167
554 186 8703
645 55 191
935 766 1514
733 976 2344
550 34 9716
460 379 5555
143 788 2963
246 279 4922
985 613 5275
134 762 2711
139 667 3356
470 129 9491
479 347 544
380 710 4766
237 177 8143
196 502 2932
815 195 3488
675 658 5892
483 124 4238
568 908 4727
97 369 7148
408 516 4964
1 416 4759
430 913 7821
626 985 7632
805 726 6027
356 985 9602
328 527 6612
196 398 3397
584 827 9654
367 281 2555
972 333 2862
420 71 805
295 69 3414
531 390 6909
241 153 3536
48 830 4662
620 960 568
617 3 6684
207 494 9066
520 153 7351
837 318 6553
397 359 4737
680 528 3371
399 291 805
805 941 3205
79 437 2236
845 19 8086
218 223 2762
51 621 6792
105 293 1183
691 502 7794
769 368 5657
64 40 2335
841 218 3533
399 694 878
848 35 5857
890 971 7481
181 876 4221
186 463 4909
208 415 1128
317 318 6710
823 758 8843
243 892 8280
832 41 8499
457 413 1025
33 174 7162
276 468 2624
597 942 624
810 219 4985
343 268 5477
463 454 2995
699 235 1746
409 910 6037
6 538 3942
725 220 2020
363 960 7712
124 971 4656
669 477 9367
578 667 7265
452 910 8604
355 910 1487
704 966 4938
124 526 5566
622 551 4243
331 742 1371
377 514 538
929 945 4058
321 298 3360
536 502 6893
936 554 6346
875 219 2576
75 245 9003
921 26 5388
229 261 9104
909 390 9255
350 379 5222
27 782 3737
419 531 9282
432 828 8619
144 574 3607
584 200 6905
247 224 9717
616 865 4130
713 100 7766
576 911 2939
596 191 3948
63 59 2238
938 290 928
549 205 760
26 846 7362
439 226 8542
339 447 246
138 129 7992
164 290 9563
912 71 806
997 601 6085
150 17 5706
885 475 3954
982 678 2262
937 760 6603
41 711 1032
892 77 6017
333 753 8802
769 697 6867
86 766 6695
720 328 427
712 223 7254
412 282 4346
838 367 4832
839 109 5792
526 107 3375
579 793 1575
666 417 2818
181 663 3183
163 572 1102
982 208 6523
84 749 7832
1 863 9724
679 262 5696
423 553 2599
507 308 3984
982 424 3242
802 26 5313
994 965 5899
709 713 1415
511 915 8220
790 101 2914
855 16 2131
987 302 957
887 327 5531
427 91 578
218 310 6809
574 729 2168
528 466 303
594 672 7370
722 771 2631
779 713 7073
688 103 6221
312 151 9057
184 463 5554
380 344 5117
306 654 8343
585 43 702
902 651 1393
706 737 8075
446 809 257
803 873 1706
326 472 1242
345 82 6166
296 284 1991
346 636 707
846 894 1089
985 886 3911
355 901 7232
279 618 5589
136 905 9967
274 413 9205
744 870 1897
745 216 448
351 276 8237
440 765 2480
139 409 1559
511 24 5877
75 149 6815
262 452 5225
320 353 5957
376 984 6877
154 247 8052
156 968 3740
541 703 9412
9 165 6677
434 948 1532
115 905 8336
377 370 4643
283 828 2919
361 694 7158
449 597 3643
142 456 1375
199 58 1822
955 733 7713
370 16 2681
126 349 3003
850 959 8840
822 506 5233
667 497 7297
476 786 9494
431 395 7000
216 559 3090
808 910 7170
25 706 6059
17 732 2882
23 502 8304
718 893 9366
569 956 704
380 982 1309
786 354 5688
108 247 188
530 435 5437
9 854 4567
440 444 8697
852 258 1877
17 494 9945
825 805 1267
77 2 6497
563 131 1438
57 224 4401
551 980 1166
514 607 1263
18 11 9799
872 730 8589
351 407 6057
873 57 3083
814 277 506
643 620 575
816 395 9803
503 936 7282
340 278 7713
827 544 5856
635 729 9420
820 864 2815
356 871 4331
602 149 5299
134 462 627
98 432 928
615 331 3439
835 693 6049
856 186 4341
531 231 5043
29 432 2102
538 490 102
758 933 1150
279 488 9587
683 223 403
68 279 2573
569 251 357
635 226 2159
261 356 4272
660 431 6876
548 760 3315
852 903 4496
623 38 1269
491 619 7297
146 744 2774
47 154 3787
405 800 1367
10 528 5683
747 274 9829
190 238 2445
648 867 5556
900 804 5078
853 577 1285
740 406 1438
195 706 5416
551 138 3875
471 251 4584
63 518 6911
878 10 1287
980 543 1427
638 234 6234
606 527 1563
287 94 7078
332 412 7907
848 895 786
970 996 6390
295 778 5422
793 854 8532
462 650 6429
816 61 5296
998 412 710
747 639 2466
188 270 8832
416 21 6871
568 534 2273
928 706 6377
177 468 9306
280 187 162
601 431 385
108 109 2694
670 941 5217
576 865 3983
75 974 2771
93 726 1247
219 315 4425
1 121 9784
330 509 2555
616 754 6359
424 921 7565
366 269 6590
448 136 1582
116 307 9300
845 356 6123
421 366 8376
273 967 8879
893 231 3265
264 922 1649
945 452 3914
452 707 1565
779 951 3942
917 927 1065
812 642 5198
610 779 1027
678 629 1516
456 864 8611
520 606 8034
683 854 29
736 2 3823
641 854 7680
634 20 6349
862 187 4040
420 186 6232
326 253 7728
629 394 9047
686 560 505
738 111 9883
103 702 3391
948 173 4159
836 493 2282
498 372 2658
948 770 6119
690 814 6112
411 997 2130
662 462 1429
303 777 1071
525 377 1830
640 45 2574
357 443 2833
920 801 5878
1 139 1515
94 53 3532
592 970 5647
69 267 9723
1 741 7284
202 540 6703
386 887 2454
629 805 9344
709 608 1531
668 389 1770
544 94 3705
813 77 8684
575 509 9256
917 413 6541
618 494 4104
938 965 8480
760 894 366
754 705 2491
994 579 4316
428 491 664
467 520 8185
989 663 6896
60 548 1521
956 126 2059
56 218 2696
66 423 2920
970 44 6125
356 390 968
142 600 5230
435 940 1633
783 429 2390
11 167 813
747 637 7310
314 71 9839
250 6 5247
369 177 8949
336 126 2150
740 529 254
783 698 2370
117 98 1371
275 348 7278
317 2 3740
838 753 183
297 939 6798
322 870 7590
275 259 8338
563 99 627
674 964 4651
593 138 4492
367 283 1251
393 151 7032
735 310 9950
148 496 3972
809 398 2988
17 238 9433
823 996 1033
987 549 6987
921 8 830
186 796 4456
730 245 4491
608 350 8964
671 206 3803
725 610 5281
775 418 2144
3 174 5235
407 645 5303
805 20 2142
18 625 8999
976 262 7175
363 334 9994
915 712 6576
554 516 7457
297 903 9780
567 886 9796
1 915 7490
78 766 5487
53 408 2249
987 24 925
221 481 9188
104 777 6737
793 408 5871
628 577 1538
730 739 8675
658 242 843
471 534 8487
519 51 7890
186 604 9535
752 802 65
406 576 4368
216 513 6455
284 393 8173
857 585 7644
152 109 3237
28 355 7363
589 697 1287
129 616 773
967 951 9287
137 966 3365
538 58 6587
457 364 3353
792 425 2345
898 347 6674
872 107 3865
334 37 1522
216 894 8113
215 799 6784
62 325 412
265 280 1951
457 759 7106
933 107 1168
52 205 1795
440 118 912
861 95 3547
463 142 4841
120 975 5975
660 791 630
366 777 4303
272 917 9997
854 24 6523
630 952 4802
331 502 1583
311 406 4800
783 8 9473
160 529 4727
317 953 3307
834 606 2257
1 564 6056
424 367 6383
211 497 5175
580 718 5687
795 697 8496
308 899 142
73 483 6507
637 359 3703
770 361 2577
857 561 186
817 765 1698
400 28 2138
304 106 4333
768 807 9969
312 547 9451
27 489 6806
42 925 7400
