aresta,vertice1,vertice2,fluxo
1,402,765,0 
2,402,112,3 
3,402,51,1 
4,402,37,0 
5,402,684,5 
6,402,840,3 
7,402,498,5 
8,402,232,6 
9,402,292,1 
10,402,167,6 
11,765,892,0 
12,765,571,0 
13,765,665,2 
14,765,867,9 
15,80,389,0 
16,80,60,0 
17,80,264,0 
18,80,992,0 
19,80,295,0 
20,80,543,1 
21,80,340,0 
22,80,980,6 
23,80,7,3 
24,80,994,0 
25,80,970,3 
26,389,445,1 
27,389,980,6 
28,389,250,5 
29,389,441,3 
30,366,651,0 
31,366,193,0 
32,366,748,5 
33,366,966,0 
34,366,673,0 
35,366,70,0 
36,366,688,3 
37,366,522,0 
38,366,607,10 
39,651,291,9 
40,651,779,1 
41,651,737,9 
42,651,474,6 
43,651,242,5 
44,352,124,0 
45,352,76,0 
46,352,556,0 
47,352,642,1 
48,352,784,0 
49,352,219,0 
50,352,879,4 
51,124,188,0 
52,124,928,0 
53,124,818,0 
54,124,196,0 
55,124,287,2 
56,124,89,2 
57,116,282,0 
58,116,370,0 
59,116,251,0 
60,116,517,0 
61,116,305,4 
62,116,483,3 
63,282,590,1 
64,282,762,6 
65,282,83,4 
66,282,378,2 
67,282,640,4 
68,663,876,2 
69,663,840,3 
70,663,474,1 
71,663,134,2 
72,876,478,0 
73,876,921,0 
74,876,995,0 
75,876,844,0 
76,876,629,6 
77,876,791,2 
78,397,185,0 
79,397,740,0 
80,397,2,0 
81,397,586,0 
82,397,806,0 
83,397,64,0 
84,185,776,0 
85,185,745,0 
86,185,604,0 
87,185,512,0 
88,185,951,1 
89,185,526,1 
90,185,155,3 
91,185,637,6 
92,185,58,6 
93,313,763,0 
94,313,827,0 
95,313,60,0 
96,313,940,2 
97,313,105,2 
98,763,501,0 
99,763,853,1 
100,763,141,0 
101,763,295,1 
102,763,811,1 
103,763,911,9 
104,763,906,4 
105,889,158,0 
106,889,291,0 
107,889,848,1 
108,889,293,2 
109,889,766,2 
110,889,743,6 
111,889,915,1 
112,158,193,0 
113,158,594,0 
114,158,702,0 
115,158,640,1 
116,158,2,5 
117,158,141,0 
118,158,578,0 
119,158,57,8 
120,362,539,0 
121,362,844,0 
122,362,87,0 
123,362,922,0 
124,539,8,0 
125,539,375,0 
126,539,811,0 
127,539,558,0 
128,539,139,0 
129,539,66,0 
130,955,811,0 
131,955,89,1 
132,955,83,0 
133,955,903,0 
134,955,982,0 
135,955,884,3 
136,811,571,2 
137,811,263,5 
138,811,960,0 
139,811,778,5 
140,811,295,4 
141,811,760,0 
142,811,470,2 
143,811,591,1 
144,65,723,0 
145,65,15,0 
146,65,77,0 
147,65,791,0 
148,65,474,0 
149,65,509,3 
150,65,543,0 
151,65,341,0 
152,65,464,0 
153,723,167,1 
154,723,264,1 
155,723,640,4 
156,990,973,0 
157,990,527,1 
158,990,944,6 
159,990,805,10 
160,973,643,0 
161,973,892,0 
162,973,293,0 
163,973,307,0 
164,973,633,0 
165,973,475,4 
166,973,839,6 
167,973,852,4 
168,973,896,0 
169,874,954,0 
170,874,752,0 
171,874,299,0 
172,874,242,0 
173,874,190,0 
174,874,367,0 
175,874,938,0 
176,874,162,0 
177,874,436,0 
178,954,558,0 
179,954,910,0 
180,954,780,0 
181,954,819,0 
182,954,144,0 
183,954,935,0 
184,954,943,1 
185,119,361,0 
186,119,109,0 
187,119,76,0 
188,119,614,0 
189,119,174,1 
190,119,568,2 
191,119,430,5 
192,119,227,5 
193,361,751,0 
194,361,521,0 
195,361,239,0 
196,361,740,3 
197,361,425,1 
198,361,525,6 
199,265,902,1 
200,265,407,3 
201,265,760,5 
202,265,2,4 
203,902,298,0 
204,902,632,0 
205,902,2,7 
206,902,349,0 
207,902,331,0 
208,902,972,0 
209,902,815,0 
210,902,867,0 
211,20,949,0 
212,20,276,0 
213,20,601,0 
214,20,471,0 
215,20,499,1 
216,949,605,0 
217,949,203,0 
218,949,504,1 
219,949,90,1 
220,949,565,1 
221,949,431,1 
222,949,199,3 
223,949,143,6 
224,293,206,0 
225,293,83,0 
226,293,800,0 
227,293,351,0 
228,293,11,0 
229,293,313,0 
230,293,822,0 
231,293,547,1 
232,293,850,1 
233,206,15,1 
234,206,723,0 
235,206,746,2 
236,206,797,3 
237,206,33,7 
238,206,680,3 
239,206,962,5 
240,641,708,0 
241,641,824,0 
242,641,160,0 
243,641,24,0 
244,641,408,0 
245,708,952,0 
246,708,454,8 
247,708,579,3 
248,320,764,0 
249,320,790,0 
250,320,956,0 
251,320,948,0 
252,320,205,0 
253,320,812,0 
254,320,703,0 
255,320,748,0 
256,320,998,0 
257,764,265,0 
258,764,2,7 
259,764,106,0 
260,764,766,0 
261,764,825,0 
262,764,206,0 
263,764,452,0 
264,764,75,0 
265,764,994,1 
266,36,470,0 
267,36,80,0 
268,36,921,0 
269,36,448,5 
270,36,364,7 
271,36,478,8 
272,36,944,5 
273,470,966,0 
274,470,312,0 
275,470,840,1 
276,470,607,0 
277,470,319,1 
278,470,765,8 
279,785,237,0 
280,785,320,0 
281,785,401,0 
282,785,548,0 
283,785,454,0 
284,785,781,0 
285,785,220,1 
286,785,680,0 
287,237,145,0 
288,386,782,0 
289,386,22,0 
290,386,602,5 
291,386,433,1 
292,386,96,3 
293,782,438,0 
294,782,984,0 
295,782,228,1 
296,782,91,4 
297,128,594,0 
298,128,848,0 
299,128,770,0 
300,128,101,0 
301,128,207,0 
302,128,97,0 
303,128,679,0 
304,594,966,1 
305,594,317,7 
306,594,193,1 
307,743,310,0 
308,743,680,0 
309,743,576,4 
310,743,942,2 
311,743,60,0 
312,743,827,1 
313,743,960,0 
314,743,952,7 
315,310,193,0 
316,310,594,2 
317,310,2,4 
318,310,501,9 
319,310,407,0 
320,310,578,2 
321,544,572,0 
322,544,821,0 
323,544,132,0 
324,544,487,0 
325,544,886,0 
326,544,941,0 
327,544,591,0 
328,544,455,0 
329,544,697,4 
330,572,289,0 
331,572,604,0 
332,572,929,0 
333,572,551,0 
334,572,650,1 
335,572,199,0 
336,572,811,1 
337,572,402,8 
338,572,790,4 
339,572,752,2 
340,911,616,2 
341,911,693,2 
342,911,796,2 
343,911,250,2 
344,911,638,3 
345,911,733,3 
346,616,355,0 
347,616,450,0 
348,616,44,2 
349,312,93,0 
350,312,775,6 
351,312,880,3 
352,312,164,6 
353,312,678,2 
354,312,730,3 
355,93,786,0 
356,93,926,0 
357,93,132,0 
358,93,419,1 
359,93,470,5 
360,140,376,0 
361,140,640,0 
362,140,877,0 
363,140,482,1 
364,376,328,0 
365,376,528,0 
366,376,70,0 
367,376,112,0 
368,376,986,0 
369,376,674,0 
370,441,991,0 
371,441,164,0 
372,441,657,0 
373,441,886,0 
374,441,638,0 
375,441,178,1 
376,441,840,5 
377,991,48,2 
378,991,239,1 
379,991,760,0 
380,991,850,3 
381,991,15,10 
382,991,952,5 
383,704,222,0 
384,704,924,0 
385,704,56,0 
386,704,75,0 
387,704,178,0 
388,704,978,0 
389,704,522,0 
390,704,389,0 
391,704,104,10 
392,222,535,0 
393,222,144,0 
394,222,192,0 
395,222,45,0 
396,222,220,2 
397,222,478,3 
398,757,987,0 
399,757,21,0 
400,757,294,0 
401,757,2,2 
402,757,109,0 
403,757,327,0 
404,987,916,0 
405,987,440,0 
406,987,633,0 
407,987,621,0 
408,987,345,0 
409,987,11,2 
410,840,592,5 
411,840,253,0 
412,840,522,0 
413,840,591,1 
414,840,37,0 
415,840,798,2 
416,840,811,7 
417,840,265,0 
418,840,167,3 
419,840,39,1 
420,592,671,0 
421,592,63,0 
422,592,368,0 
423,592,572,0 
424,592,230,4 
425,592,474,0 
426,592,461,2 
427,592,358,6 
428,660,395,0 
429,660,93,0 
430,660,30,0 
431,660,867,0 
432,660,590,0 
433,660,997,0 
434,660,675,0 
435,395,52,1 
436,395,793,0 
437,395,633,6 
438,395,621,6 
439,395,105,0 
440,325,213,0 
441,325,322,0 
442,325,230,0 
443,325,558,0 
444,325,800,0 
445,325,14,0 
446,325,534,0 
447,325,335,0 
448,325,508,0 
449,325,24,0 
450,325,191,0 
451,213,857,5 
452,213,680,0 
453,213,2,3 
454,213,527,0 
455,213,543,4 
456,213,398,10 
457,883,905,0 
458,883,822,0 
459,883,53,0 
460,883,755,0 
461,883,701,0 
462,883,306,0 
463,883,421,0 
464,883,860,0 
465,883,147,7 
466,905,984,8 
467,905,903,9 
468,905,964,5 
469,780,573,0 
470,780,917,0 
471,780,336,0 
472,780,28,0 
473,780,20,0 
474,780,2,3 
475,780,800,0 
476,780,993,0 
477,780,706,4 
478,780,752,0 
479,573,508,0 
480,573,41,1 
481,573,204,0 
482,573,704,0 
483,573,130,0 
484,573,70,0 
485,573,7,1 
486,69,268,0 
487,69,563,0 
488,69,778,0 
489,69,398,0 
490,69,606,0 
491,69,332,0 
492,69,142,0 
493,268,662,0 
494,268,237,0 
495,268,357,0 
496,268,888,0 
497,268,643,0 
498,264,760,0 
499,264,964,0 
500,264,63,1 
501,264,702,0 
502,264,673,1 
503,760,2,8 
504,760,407,5 
505,501,306,0 
506,501,167,3 
507,501,966,9 
508,501,330,7 
509,501,39,1 
510,501,265,2 
511,306,760,0 
512,306,91,3 
513,306,265,1 
514,306,2,3 
515,446,572,1 
516,446,340,0 
517,770,650,0 
518,770,989,0 
519,770,194,0 
520,770,91,0 
521,770,8,0 
522,770,146,1 
523,770,32,4 
524,770,3,9 
525,770,334,10 
526,650,841,2 
527,650,765,2 
528,650,635,1 
529,650,913,9 
530,370,934,0 
531,370,701,7 
532,370,436,1 
533,370,666,1 
534,370,699,5 
535,370,294,5 
536,934,1000,0 
537,934,771,3 
538,934,312,3 
539,110,790,0 
540,110,105,0 
541,110,594,0 
542,110,24,0 
543,110,823,0 
544,110,103,0 
545,790,575,0 
546,790,684,0 
547,790,70,0 
548,790,161,0 
549,790,317,10 
550,790,572,6 
551,790,469,3 
552,298,97,0 
553,298,222,0 
554,298,681,0 
555,298,968,0 
556,298,267,0 
557,298,981,1 
558,821,883,0 
559,821,656,0 
560,821,408,3 
561,821,96,2 
562,168,752,0 
563,168,301,0 
564,168,16,0 
565,168,318,0 
566,168,214,0 
567,168,42,0 
568,168,740,0 
569,168,438,0 
570,168,639,0 
571,168,499,0 
572,168,338,0 
573,752,541,3 
574,752,627,4 
575,752,105,0 
576,752,134,2 
577,752,798,2 
578,752,663,2 
579,767,937,0 
580,767,151,0 
581,767,41,0 
582,767,138,0 
583,767,289,0 
584,767,718,0 
585,767,568,0 
586,767,577,0 
587,767,387,0 
588,767,250,1 
589,767,952,2 
590,937,950,3 
591,937,332,2 
592,937,651,3 
593,937,609,1 
594,937,859,7 
595,937,500,0 
596,508,134,0 
597,508,811,0 
598,508,402,0 
599,508,781,0 
600,508,459,0 
601,508,937,0 
602,508,980,0 
603,508,182,0 
604,508,16,0 
605,508,716,3 
606,134,827,0 
607,134,594,0 
608,134,952,0 
609,134,628,3 
610,134,327,2 
611,134,31,8 
612,134,853,4 
613,758,822,0 
614,758,982,0 
615,758,960,0 
616,758,402,0 
617,758,51,1 
618,758,663,4 
619,758,206,3 
620,758,825,8 
621,822,714,0 
622,822,286,0 
623,822,255,0 
624,822,505,0 
625,822,962,0 
626,822,537,0 
627,739,189,0 
628,739,425,0 
629,739,232,0 
630,739,33,0 
631,739,426,0 
632,739,289,0 
633,739,736,0 
634,739,86,0 
635,189,347,0 
636,189,114,0 
637,189,77,0 
638,189,312,0 
639,189,951,4 
640,189,61,7 
641,611,751,0 
642,611,655,1 
643,611,313,0 
644,611,651,3 
645,751,919,1 
646,751,522,0 
647,751,811,4 
648,751,438,1 
649,751,158,1 
650,751,499,5 
651,182,398,0 
652,182,611,0 
653,182,353,0 
654,182,42,0 
655,182,937,0 
656,182,955,1 
657,182,578,0 
658,398,536,0 
659,398,513,4 
660,398,278,0 
661,398,651,4 
662,398,378,3 
663,398,656,4 
664,526,147,0 
665,526,894,0 
666,526,529,0 
667,526,792,1 
668,147,606,1 
669,147,123,6 
670,147,400,1 
671,147,953,7 
672,193,578,2 
673,295,70,4 
674,295,234,1 
675,295,966,0 
676,295,541,0 
677,295,278,2 
678,295,500,0 
679,295,964,7 
680,295,827,2 
681,70,721,7 
682,70,918,8 
683,70,158,0 
684,70,709,1 
685,70,972,10 
686,70,640,4 
687,218,919,0 
688,218,777,2 
689,218,333,0 
690,218,521,0 
691,218,970,2 
692,218,716,5 
693,919,630,1 
694,919,964,0 
695,919,656,0 
696,919,48,0 
697,919,134,1 
698,919,269,1 
699,919,591,1 
700,330,826,0 
701,330,790,5 
702,330,956,0 
703,330,89,4 
704,330,522,3 
705,330,638,5 
706,330,278,5 
707,826,669,0 
708,826,684,0 
709,15,635,3 
710,15,505,0 
711,15,892,10 
712,15,301,0 
713,15,133,4 
714,15,266,4 
715,15,604,4 
716,15,827,5 
717,243,238,0 
718,243,265,0 
719,243,853,0 
720,243,501,0 
721,243,591,0 
722,243,905,7 
723,243,116,7 
724,243,477,9 
725,243,827,1 
726,243,594,5 
727,243,541,1 
728,238,551,5 
729,238,763,1 
730,238,341,0 
731,238,723,1 
732,235,443,0 
733,235,53,0 
734,235,308,0 
735,235,84,0 
736,235,369,0 
737,235,48,0 
738,235,916,1 
739,443,90,0 
740,443,291,0 
741,443,603,0 
742,443,213,0 
743,443,234,2 
744,449,500,0 
745,449,529,0 
746,449,751,0 
747,449,783,0 
748,500,407,0 
749,500,578,6 
750,500,105,2 
751,500,2,1 
752,500,594,1 
753,167,410,9 
754,167,35,8 
755,167,407,0 
756,167,578,0 
757,167,92,1 
758,167,878,9 
759,167,30,4 
760,167,500,2 
761,167,158,3 
762,410,571,0 
763,410,696,0 
764,410,137,0 
765,410,194,6 
766,410,686,3 
767,39,141,4 
768,39,407,2 
769,141,193,0 
770,141,698,5 
771,141,500,0 
772,141,2,6 
773,141,578,3 
774,819,829,0 
775,819,527,0 
776,819,475,0 
777,819,208,0 
778,819,579,0 
779,819,51,0 
780,819,126,2 
781,819,591,0 
782,819,893,2 
783,819,541,0 
784,829,575,0 
785,829,393,0 
786,829,2,9 
787,829,945,0 
788,766,260,2 
789,766,607,3 
790,766,714,6 
791,766,351,6 
792,260,997,0 
793,260,986,5 
794,260,779,0 
795,260,466,2 
796,363,87,0 
797,363,793,0 
798,363,85,0 
799,363,468,0 
800,363,201,0 
801,363,111,0 
802,363,769,0 
803,87,133,0 
804,87,256,0 
805,87,659,0 
806,87,878,0 
807,87,806,0 
808,87,788,0 
809,87,94,0 
810,87,556,0 
811,212,967,0 
812,212,485,0 
813,212,379,0 
814,212,610,0 
815,212,579,0 
816,212,680,0 
817,212,206,0 
818,212,766,0 
819,212,146,0 
820,212,56,0 
821,212,155,0 
822,212,551,0 
823,212,638,3 
824,212,232,3 
825,967,306,0 
826,967,167,0 
827,967,250,0 
828,967,850,1 
829,967,347,5 
830,967,825,4 
831,967,901,3 
832,967,386,9 
833,967,2,3 
834,328,589,0 
835,328,829,0 
836,328,574,0 
837,328,147,0 
838,328,863,4 
839,589,386,0 
840,589,16,0 
841,589,65,1 
842,589,467,1 
843,589,146,1 
844,589,406,1 
845,589,683,0 
846,589,617,5 
847,284,425,0 
848,284,517,0 
849,284,297,4 
850,284,452,2 
851,284,658,4 
852,284,842,2 
853,425,933,0 
854,425,385,0 
855,425,322,0 
856,425,633,0 
857,425,757,0 
858,425,990,1 
859,425,352,3 
860,425,856,4 
861,951,535,0 
862,951,412,0 
863,951,867,0 
864,951,111,0 
865,951,872,0 
866,951,865,8 
867,535,567,2 
868,535,728,6 
869,535,420,2 
870,535,568,8 
871,748,303,0 
872,748,679,0 
873,748,537,3 
874,748,327,0 
875,748,960,0 
876,748,969,3 
877,748,929,1 
878,748,702,0 
879,303,141,0 
880,303,327,2 
881,303,473,0 
882,303,723,0 
883,303,969,0 
884,303,254,2 
885,303,827,3 
886,303,394,1 
887,303,500,1 
888,303,893,2 
889,555,760,0 
890,555,510,0 
891,555,933,0 
892,555,884,0 
893,555,845,0 
894,555,767,0 
895,629,890,0 
896,629,325,0 
897,629,912,0 
898,629,778,3 
899,629,733,3 
900,890,272,0 
901,890,356,0 
902,890,667,3 
903,890,808,2 
904,68,699,0 
905,68,572,0 
906,68,328,0 
907,68,261,0 
908,68,198,0 
909,68,42,8 
910,699,396,0 
911,699,819,0 
912,699,426,4 
913,699,182,1 
914,699,956,4 
915,115,559,0 
916,115,561,0 
917,115,516,0 
918,115,353,0 
919,115,399,0 
920,115,439,1 
921,559,993,0 
922,559,401,0 
923,559,850,0 
924,559,175,1 
925,559,917,1 
926,841,608,1 
927,841,827,0 
928,841,883,3 
929,841,141,0 
930,841,273,4 
931,608,421,0 
932,608,187,0 
933,608,717,0 
934,608,165,0 
935,608,332,1 
936,608,349,0 
937,608,254,0 
938,608,468,3 
939,685,558,0 
940,685,607,0 
941,685,799,0 
942,685,33,0 
943,685,372,0 
944,685,452,3 
945,685,426,3 
946,558,527,0 
947,558,316,0 
948,558,385,1 
949,558,279,0 
950,558,779,0 
951,558,849,0 
952,558,505,0 
953,558,977,6 
954,558,158,4 
955,558,473,9 
956,707,306,0 
957,707,638,0 
958,707,740,0 
959,707,127,0 
960,707,144,1 
961,707,64,1 
962,707,454,2 
963,870,479,0 
964,870,567,0 
965,870,548,0 
966,870,374,0 
967,870,142,0 
968,870,151,0 
969,870,879,0 
970,870,122,1 
971,479,214,0 
972,479,254,0 
973,479,71,0 
974,479,236,1 
975,479,82,4 
976,598,411,0 
977,598,668,0 
978,598,788,0 
979,598,977,0 
980,598,605,0 
981,598,988,2 
982,598,712,3 
983,598,117,3 
984,411,811,0 
985,411,258,0 
986,150,42,0 
987,150,216,0 
988,150,911,2 
989,150,477,2 
990,150,458,1 
991,150,134,4 
992,42,690,1 
993,42,998,2 
994,42,848,0 
995,42,206,1 
996,42,733,2 
997,42,60,5 
998,851,663,0 
999,851,967,6 
1000,851,882,1 
1001,851,973,4 
1002,981,587,0 
1003,981,330,0 
1004,981,351,0 
1005,981,90,0 
1006,981,375,0 
1007,981,903,0 
1008,981,967,0 
1009,981,76,0 
1010,981,663,0 
1011,981,2,1 
1012,587,570,0 
1013,587,706,0 
1014,587,501,0 
1015,587,818,0 
1016,587,246,3 
1017,587,471,1 
1018,181,728,0 
1019,181,650,0 
1020,181,367,0 
1021,181,147,0 
1022,181,37,0 
1023,181,819,3 
1024,181,952,0 
1025,728,340,1 
1026,728,13,1 
1027,728,194,2 
1028,728,580,8 
1029,579,52,6 
1030,579,594,0 
1031,579,827,1 
1032,579,966,1 
1033,579,78,2 
1034,579,723,1 
1035,579,384,2 
1036,579,432,7 
1037,579,70,2 
1038,52,463,0 
1039,52,779,0 
1040,52,498,1 
1041,52,157,2 
1042,52,528,4 
1043,962,960,0 
1044,962,473,0 
1045,962,310,0 
1046,962,646,3 
1047,962,164,8 
1048,960,964,0 
1049,960,158,0 
1050,960,278,0 
1051,960,78,1 
1052,960,167,3 
1053,960,407,0 
1054,571,578,0 
1055,571,575,0 
1056,571,453,0 
1057,571,876,0 
1058,571,867,1 
1059,571,635,3 
1060,571,306,2 
1061,983,166,0 
1062,983,830,0 
1063,983,164,0 
1064,983,200,0 
1065,983,645,0 
1066,983,808,0 
1067,983,939,0 
1068,166,239,0 
1069,166,380,0 
1070,166,151,0 
1071,166,728,0 
1072,166,617,0 
1073,166,434,1 
1074,721,734,0 
1075,721,618,0 
1076,721,613,4 
1077,721,457,9 
1078,721,324,2 
1079,499,245,3 
1080,499,651,1 
1081,499,75,2 
1082,499,2,2 
1083,499,751,6 
1084,245,510,0 
1085,245,486,0 
1086,245,753,0 
1087,245,843,0 
1088,245,656,0 
1089,245,668,0 
1090,245,599,3 
1091,536,621,0 
1092,536,558,0 
1093,536,99,0 
1094,536,863,0 
1095,536,3,0 
1096,536,951,0 
1097,536,6,4 
1098,621,227,0 
1099,621,496,0 
1100,621,155,0 
1101,621,271,0 
1102,621,277,0 
1103,621,10,7 
1104,22,179,0 
1105,22,672,0 
1106,22,199,0 
1107,22,375,0 
1108,22,315,5 
1109,22,885,5 
1110,22,738,2 
1111,22,428,7 
1112,138,87,0 
1113,138,690,0 
1114,138,1000,0 
1115,796,851,0 
1116,796,338,0 
1117,796,926,0 
1118,796,246,2 
1119,796,731,1 
1120,240,790,0 
1121,240,485,2 
1122,174,151,0 
1123,174,2,3 
1124,174,29,1 
1125,174,65,2 
1126,174,568,0 
1127,151,546,0 
1128,151,574,0 
1129,151,397,0 
1130,151,15,0 
1131,151,534,0 
1132,151,434,3 
1133,755,63,0 
1134,755,313,0 
1135,755,13,6 
1136,755,393,6 
1137,63,301,0 
1138,63,991,1 
1139,63,477,3 
1140,63,310,0 
1141,63,673,2 
1142,665,24,0 
1143,665,973,0 
1144,665,126,0 
1145,665,196,0 
1146,665,839,0 
1147,665,41,0 
1148,665,323,6 
1149,24,832,0 
1150,24,732,2 
1151,24,247,2 
1152,527,575,5 
1153,527,784,3 
1154,527,779,8 
1155,615,551,0 
1156,615,928,0 
1157,615,21,0 
1158,615,316,0 
1159,615,622,0 
1160,615,423,0 
1161,551,960,0 
1162,551,969,0 
1163,551,474,0 
1164,551,251,10 
1165,551,591,0 
1166,551,726,3 
1167,551,8,1 
1168,551,753,10 
1169,373,547,0 
1170,373,159,0 
1171,373,188,0 
1172,373,263,0 
1173,373,979,0 
1174,373,484,0 
1175,373,689,0 
1176,373,97,4 
1177,547,802,0 
1178,547,203,0 
1179,547,176,0 
1180,547,201,1 
1181,547,384,1 
1182,456,805,0 
1183,456,628,0 
1184,456,27,0 
1185,456,343,0 
1186,456,471,0 
1187,456,926,0 
1188,456,77,0 
1189,456,557,1 
1190,805,132,0 
1191,805,859,0 
1192,805,696,0 
1193,805,990,0 
1194,805,515,1 
1195,805,979,0 
1196,805,333,3 
1197,805,356,7 
1198,799,751,0 
1199,799,787,0 
1200,799,607,0 
1201,799,684,0 
1202,799,203,0 
1203,799,858,0 
1204,799,590,4 
1205,799,960,0 
1206,959,869,1 
1207,959,747,0 
1208,959,75,1 
1209,869,726,0 
1210,869,476,0 
1211,869,401,0 
1212,869,34,0 
1213,869,845,0 
1214,869,702,0 
1215,869,81,1 
1216,869,683,0 
1217,869,528,4 
1218,510,815,0 
1219,510,274,0 
1220,510,149,0 
1221,510,354,0 
1222,510,415,0 
1223,510,631,0 
1224,510,644,0 
1225,827,994,4 
1226,827,594,0 
1227,827,500,0 
1228,827,643,10 
1229,99,165,0 
1230,99,517,0 
1231,99,695,0 
1232,99,379,0 
1233,99,712,2 
1234,99,284,1 
1235,99,50,2 
1236,99,459,4 
1237,165,711,0 
1238,165,788,2 
1239,165,326,3 
1240,722,651,0 
1241,722,49,0 
1242,722,312,0 
1243,722,228,0 
1244,722,674,3 
1245,722,704,0 
1246,882,306,0 
1247,882,105,0 
1248,882,872,8 
1249,882,868,5 
1250,882,265,1 
1251,882,2,8 
1252,452,282,0 
1253,452,2,7 
1254,452,567,0 
1255,452,680,0 
1256,452,56,0 
1257,452,968,0 
1258,452,123,0 
1259,452,42,1 
1260,452,288,5 
1261,966,193,0 
1262,966,285,8 
1263,966,306,0 
1264,966,735,5 
1265,966,463,9 
1266,197,838,1 
1267,197,817,1 
1268,197,855,5 
1269,197,572,6 
1270,838,754,0 
1271,838,862,0 
1272,838,56,0 
1273,838,357,0 
1274,838,975,0 
1275,838,916,0 
1276,838,349,0 
1277,838,796,1 
1278,145,34,0 
1279,145,134,0 
1280,145,570,0 
1281,145,2,5 
1282,145,976,0 
1283,145,650,0 
1284,145,982,0 
1285,145,56,0 
1286,145,538,0 
1287,145,15,0 
1288,34,298,1 
1289,34,575,0 
1290,34,906,0 
1291,34,817,6 
1292,34,726,1 
1293,34,684,2 
1294,34,253,0 
1295,34,78,4 
1296,655,105,0 
1297,655,437,0 
1298,655,769,0 
1299,655,194,0 
1300,655,602,0 
1301,655,673,0 
1302,655,733,0 
1303,655,682,0 
1304,655,218,0 
1305,655,707,1 
1306,105,306,1 
1307,105,265,2 
1308,105,2,9 
1309,687,688,0 
1310,687,728,0 
1311,687,100,0 
1312,687,503,0 
1313,687,465,2 
1314,687,500,0 
1315,688,578,0 
1316,688,760,0 
1317,688,474,0 
1318,688,798,0 
1319,688,952,4 
1320,688,60,0 
1321,688,306,0 
1322,688,15,4 
1323,688,341,4 
1324,688,536,3 
1325,688,604,4 
1326,359,47,2 
1327,359,551,4 
1328,47,887,0 
1329,47,292,0 
1330,47,709,2 
1331,47,991,4 
1332,772,836,0 
1333,772,842,0 
1334,772,781,0 
1335,772,230,0 
1336,772,392,0 
1337,772,163,0 
1338,772,925,6 
1339,772,951,3 
1340,772,792,1 
1341,836,428,0 
1342,836,189,0 
1343,836,465,0 
1344,836,137,0 
1345,836,490,0 
1346,836,272,0 
1347,836,772,0 
1348,149,586,0 
1349,149,177,0 
1350,149,927,0 
1351,149,26,0 
1352,149,804,0 
1353,149,224,1 
1354,149,962,0 
1355,149,535,2 
1356,149,816,1 
1357,149,565,2 
1358,586,825,0 
1359,586,531,0 
1360,586,31,0 
1361,586,839,0 
1362,586,515,0 
1363,586,792,0 
1364,586,754,0 
1365,586,49,0 
1366,586,394,0 
1367,586,430,0 
1368,350,979,0 
1369,350,344,0 
1370,350,209,0 
1371,350,470,0 
1372,350,382,0 
1373,350,816,0 
1374,350,39,0 
1375,350,465,0 
1376,979,845,0 
1377,979,588,0 
1378,979,142,0 
1379,979,824,0 
1380,979,104,1 
1381,11,452,1 
1382,11,842,1 
1383,97,195,0 
1384,97,549,1 
1385,97,364,0 
1386,97,620,4 
1387,97,839,1 
1388,97,217,5 
1389,195,871,0 
1390,195,518,0 
1391,195,371,0 
1392,195,185,0 
1393,195,24,1 
1394,195,789,0 
1395,623,277,0 
1396,623,940,0 
1397,623,993,2 
1398,623,265,0 
1399,623,770,0 
1400,277,562,0 
1401,277,166,0 
1402,277,822,0 
1403,1,979,1 
1404,1,793,4 
1405,1,348,3 
1406,1,961,7 
1407,1,704,8 
1408,1,756,3 
1409,1,185,8 
1410,1,311,8 
1411,1,896,3 
1412,1,22,8 
1413,1,129,5 
1414,1,93,6 
1415,1,204,10 
1416,1,331,10 
1417,1,960,2 
1418,1,368,8 
1419,1,721,4 
1420,1,817,5 
1421,1,379,2 
1422,1,531,4 
1423,1,114,3 
1424,1,741,4 
1425,1,921,1 
1426,1,403,6 
1427,1,705,1 
1428,1,455,4 
1429,1,731,10 
1430,1,806,10 
1431,1,680,5 
1432,1,248,3 
1433,1,943,9 
1434,1,533,2 
1435,1,925,8 
1436,1,766,7 
1437,1,671,3 
1438,1,764,6 
1439,1,652,2 
1440,1,384,4 
1441,1,650,5 
1442,1,223,1 
1443,1,47,3 
1444,1,160,8 
1445,1,670,3 
1446,1,916,8 
1447,1,778,10 
1448,1,389,9 
1449,1,50,6 
1450,1,769,10 
1451,1,370,9 
1452,1,866,4 
1453,1,936,1 
1454,1,613,2 
1455,1,851,8 
1456,582,196,0 
1457,582,865,0 
1458,582,261,1 
1459,582,590,5 
1460,582,876,1 
1461,196,198,0 
1462,196,613,1 
1463,196,791,0 
1464,196,292,4 
1465,489,117,0 
1466,489,427,0 
1467,489,212,0 
1468,489,841,0 
1469,489,374,0 
1470,489,939,0 
1471,489,566,0 
1472,489,539,0 
1473,489,215,3 
1474,117,514,0 
1475,117,385,0 
1476,117,944,0 
1477,117,716,3 
1478,392,133,0 
1479,392,971,0 
1480,392,85,0 
1481,392,349,6 
1482,133,565,0 
1483,133,317,0 
1484,133,155,0 
1485,133,261,0 
1486,133,380,0 
1487,133,397,0 
1488,133,860,4 
1489,460,569,0 
1490,460,767,0 
1491,460,910,0 
1492,460,356,0 
1493,460,252,0 
1494,460,2,0 
1495,460,106,0 
1496,460,986,0 
1497,569,477,0 
1498,569,748,0 
1499,569,14,0 
1500,569,379,0 
1501,569,2,1 
1502,569,86,0 
1503,53,991,0 
1504,53,475,0 
1505,53,39,0 
1506,53,548,0 
1507,53,645,0 
1508,53,905,4 
1509,75,293,0 
1510,75,35,0 
1511,75,669,0 
1512,75,513,10 
1513,517,40,0 
1514,517,118,0 
1515,517,763,0 
1516,517,340,0 
1517,517,38,0 
1518,517,486,0 
1519,517,354,0 
1520,517,384,0 
1521,517,967,0 
1522,40,506,1 
1523,40,589,1 
1524,40,54,4 
1525,746,264,0 
1526,746,591,0 
1527,746,35,0 
1528,746,551,2 
1529,746,994,1 
1530,575,636,0 
1531,575,840,0 
1532,575,39,0 
1533,575,594,0 
1534,575,884,7 
1535,431,525,2 
1536,431,718,1 
1537,431,38,3 
1538,431,741,2 
1539,431,991,5 
1540,525,781,0 
1541,525,937,7 
1542,525,500,1 
1543,786,170,0 
1544,786,638,0 
1545,786,482,0 
1546,786,330,0 
1547,786,819,0 
1548,786,667,0 
1549,786,711,0 
1550,786,1000,0 
1551,786,518,1 
1552,786,708,0 
1553,170,782,0 
1554,170,126,0 
1555,170,98,0 
1556,170,290,0 
1557,170,362,0 
1558,170,121,0 
1559,170,908,0 
1560,170,155,0 
1561,830,947,0 
1562,830,39,0 
1563,830,880,3 
1564,830,876,3 
1565,830,589,3 
1566,830,303,3 
1567,372,174,0 
1568,372,202,0 
1569,372,452,0 
1570,372,972,0 
1571,372,611,0 
1572,372,16,0 
1573,372,847,0 
1574,372,2,0 
1575,372,576,0 
1576,121,574,0 
1577,121,728,0 
1578,121,799,0 
1579,121,686,0 
1580,121,192,0 
1581,121,827,0 
1582,574,185,0 
1583,574,542,0 
1584,574,883,3 
1585,481,761,0 
1586,481,746,0 
1587,481,982,0 
1588,481,565,0 
1589,481,544,0 
1590,481,654,2 
1591,481,54,3 
1592,761,347,0 
1593,761,148,0 
1594,761,731,0 
1595,761,416,1 
1596,761,224,6 
1597,662,441,0 
1598,662,255,0 
1599,662,404,0 
1600,662,951,0 
1601,662,313,0 
1602,662,594,0 
1603,662,173,0 
1604,943,338,0 
1605,943,930,0 
1606,943,431,1 
1607,943,485,8 
1608,943,265,1 
1609,338,128,0 
1610,338,865,1 
1611,338,702,2 
1612,338,535,1 
1613,21,674,0 
1614,21,356,2 
1615,21,67,7 
1616,674,968,0 
1617,674,175,0 
1618,674,995,0 
1619,674,293,0 
1620,674,107,0 
1621,674,343,0 
1622,674,527,0 
1623,674,319,0 
1624,674,554,0 
1625,674,251,1 
1626,674,919,2 
1627,297,656,0 
1628,297,956,0 
1629,297,116,0 
1630,297,255,0 
1631,297,628,4 
1632,656,303,2 
1633,656,253,6 
1634,656,770,9 
1635,656,723,2 
1636,17,260,0 
1637,17,227,0 
1638,17,304,0 
1639,17,967,0 
1640,17,491,4 
1641,938,766,0 
1642,938,575,0 
1643,938,680,0 
1644,938,637,0 
1645,938,890,0 
1646,938,781,0 
1647,938,543,0 
1648,938,184,0 
1649,938,394,1 
1650,938,284,8 
1651,938,146,3 
1652,646,512,0 
1653,646,28,0 
1654,646,762,0 
1655,646,74,0 
1656,646,525,0 
1657,646,279,3 
1658,646,663,2 
1659,646,402,10 
1660,512,262,0 
1661,512,390,0 
1662,512,56,0 
1663,512,140,0 
1664,512,574,3 
1665,978,789,0 
1666,978,660,0 
1667,978,88,0 
1668,978,803,0 
1669,978,107,0 
1670,978,62,0 
1671,978,271,0 
1672,978,130,0 
1673,978,109,0 
1674,978,757,0 
1675,978,838,0 
1676,789,846,2 
1677,789,359,6 
1678,735,278,0 
1679,735,304,1 
1680,735,53,3 
1681,735,634,4 
1682,278,35,0 
1683,278,310,6 
1684,278,541,6 
1685,278,78,10 
1686,412,928,1 
1687,412,43,2 
1688,412,675,6 
1689,412,650,4 
1690,412,921,1 
1691,928,871,1 
1692,928,61,0 
1693,928,971,7 
1694,533,318,0 
1695,533,899,0 
1696,533,2,8 
1697,533,290,0 
1698,533,98,0 
1699,533,178,0 
1700,533,917,0 
1701,533,4,0 
1702,533,63,0 
1703,533,498,0 
1704,533,951,0 
1705,318,46,0 
1706,318,43,0 
1707,318,794,3 
1708,318,688,7 
1709,61,753,0 
1710,61,726,2 
1711,61,735,3 
1712,61,399,1 
1713,61,428,2 
1714,753,174,3 
1715,753,463,5 
1716,753,773,3 
1717,261,876,0 
1718,261,762,0 
1719,261,732,0 
1720,261,526,0 
1721,261,789,1 
1722,261,36,1 
1723,261,921,4 
1724,261,809,3 
1725,783,158,0 
1726,783,186,0 
1727,783,611,0 
1728,783,908,0 
1729,783,662,0 
1730,742,948,0 
1731,742,684,0 
1732,742,591,0 
1733,742,114,0 
1734,742,262,2 
1735,948,740,0 
1736,948,187,0 
1737,948,579,0 
1738,948,782,0 
1739,948,283,0 
1740,948,253,0 
1741,948,168,0 
1742,948,944,0 
1743,948,546,1 
1744,887,4,0 
1745,887,232,0 
1746,887,215,0 
1747,887,988,0 
1748,4,697,0 
1749,4,199,0 
1750,4,898,0 
1751,4,607,0 
1752,4,967,0 
1753,4,136,0 
1754,4,996,0 
1755,4,230,0 
1756,4,667,1 
1757,865,706,0 
1758,865,299,0 
1759,865,416,0 
1760,865,896,0 
1761,865,750,0 
1762,865,192,1 
1763,865,274,7 
1764,865,748,1 
1765,706,442,0 
1766,706,289,0 
1767,706,735,0 
1768,706,370,0 
1769,706,741,0 
1770,706,963,0 
1771,706,544,4 
1772,484,898,0 
1773,484,147,0 
1774,484,300,0 
1775,484,972,0 
1776,898,546,0 
1777,898,172,0 
1778,898,205,0 
1779,898,153,0 
1780,898,36,0 
1781,898,707,0 
1782,323,548,3 
1783,323,686,1 
1784,323,412,6 
1785,323,831,2 
1786,323,261,1 
1787,323,330,3 
1788,548,413,1 
1789,548,578,0 
1790,548,752,0 
1791,548,790,2 
1792,548,811,0 
1793,548,475,4 
1794,548,688,4 
1795,825,473,7 
1796,825,501,5 
1797,872,301,0 
1798,872,607,0 
1799,872,522,0 
1800,872,913,0 
1801,872,969,0 
1802,872,660,0 
1803,872,613,3 
1804,872,429,5 
1805,301,341,3 
1806,301,265,0 
1807,301,873,1 
1808,301,172,9 
1809,584,76,0 
1810,584,813,0 
1811,584,181,0 
1812,584,71,0 
1813,584,595,0 
1814,584,366,0 
1815,584,912,1 
1816,584,203,0 
1817,76,986,0 
1818,76,152,0 
1819,76,773,0 
1820,76,13,0 
1821,76,251,0 
1822,76,106,2 
1823,76,718,3 
1824,520,970,0 
1825,520,100,0 
1826,520,283,0 
1827,520,220,0 
1828,520,704,0 
1829,520,270,0 
1830,520,499,0 
1831,520,652,0 
1832,520,390,0 
1833,520,115,0 
1834,520,202,2 
1835,970,671,0 
1836,970,200,0 
1837,970,988,0 
1838,970,984,0 
1839,970,485,4 
1840,970,781,3 
1841,930,454,0 
1842,930,2,1 
1843,930,281,0 
1844,930,157,0 
1845,930,764,0 
1846,930,458,0 
1847,930,302,0 
1848,930,831,0 
1849,930,490,0 
1850,930,249,3 
1851,454,633,0 
1852,454,826,0 
1853,454,213,0 
1854,454,767,0 
1855,454,913,0 
1856,454,500,0 
1857,454,250,7 
1858,454,167,0 
1859,454,396,1 
1860,454,673,5 
1861,578,306,0 
1862,578,105,0 
1863,578,882,9 
1864,578,407,7 
1865,578,760,5 
1866,578,265,2 
1867,578,136,1 
1868,578,967,8 
1869,6,449,0 
1870,6,736,0 
1871,6,416,0 
1872,6,932,0 
1873,6,108,0 
1874,6,587,1 
1875,6,438,3 
1876,697,137,0 
1877,697,964,0 
1878,697,577,0 
1879,697,965,1 
1880,697,882,3 
1881,137,341,0 
1882,137,943,0 
1883,137,687,0 
1884,137,280,0 
1885,137,819,0 
1886,137,213,0 
1887,137,704,0 
1888,137,580,0 
1889,137,864,0 
1890,205,280,0 
1891,205,810,0 
1892,205,283,0 
1893,205,68,0 
1894,205,726,6 
1895,280,229,0 
1896,280,467,0 
1897,280,824,1 
1898,280,141,0 
1899,531,947,0 
1900,531,658,0 
1901,531,384,7 
1902,531,970,2 
1903,607,882,0 
1904,607,627,4 
1905,607,80,7 
1906,607,167,1 
1907,607,779,2 
1908,607,74,5 
1909,649,611,0 
1910,649,71,0 
1911,649,488,0 
1912,649,805,0 
1913,649,209,2 
1914,681,982,0 
1915,681,626,0 
1916,681,71,0 
1917,681,103,0 
1918,681,678,1 
1919,681,392,0 
1920,982,743,0 
1921,982,991,0 
1922,982,473,0 
1923,982,755,0 
1924,982,409,0 
1925,982,122,1 
1926,961,648,0 
1927,961,367,0 
1928,961,727,0 
1929,961,469,1 
1930,961,149,6 
1931,648,749,0 
1932,648,543,0 
1933,648,234,0 
1934,648,44,0 
1935,272,339,0 
1936,272,874,0 
1937,272,240,0 
1938,272,99,0 
1939,316,313,1 
1940,316,15,4 
1941,316,848,1 
1942,316,254,2 
1943,316,779,4 
1944,316,760,3 
1945,316,829,2 
1946,936,57,0 
1947,936,894,0 
1948,936,276,0 
1949,936,626,0 
1950,936,413,1 
1951,57,549,0 
1952,57,999,0 
1953,57,108,0 
1954,57,328,0 
1955,57,688,4 
1956,57,385,4 
1957,57,513,9 
1958,57,729,4 
1959,546,698,0 
1960,546,707,0 
1961,546,965,0 
1962,546,637,0 
1963,546,773,1 
1964,546,945,0 
1965,215,358,0 
1966,215,238,0 
1967,215,576,0 
1968,215,907,0 
1969,215,825,0 
1970,215,162,0 
1971,215,464,0 
1972,215,968,9 
1973,215,329,1 
1974,215,763,3 
1975,358,680,0 
1976,358,963,0 
1977,358,98,0 
1978,358,299,0 
1979,358,151,2 
1980,358,929,1 
1981,358,568,2 
1982,358,381,1 
1983,27,205,0 
1984,27,646,0 
1985,27,242,0 
1986,27,993,0 
1987,27,616,0 
1988,27,777,0 
1989,27,587,0 
1990,27,113,1 
1991,27,571,3 
1992,483,989,0 
1993,483,986,0 
1994,483,847,1 
1995,483,503,7 
1996,483,180,3 
1997,989,752,0 
1998,989,10,0 
1999,989,969,0 
2000,989,807,0 
2001,989,5,0 
2002,989,844,1 
2003,989,452,4 
2004,605,314,0 
2005,605,949,0 
2006,605,939,0 
2007,605,759,0 
2008,605,63,0 
2009,605,176,0 
2010,605,215,0 
2011,28,501,0 
2012,28,474,0 
2013,28,475,2 
2014,204,466,0 
2015,204,441,0 
2016,204,529,1 
2017,204,733,1 
2018,204,2,9 
2019,466,33,0 
2020,466,261,2 
2021,466,543,0 
2022,466,551,3 
2023,466,2,3 
2024,737,329,0 
2025,737,49,0 
2026,737,835,1 
2027,737,318,8 
2028,329,835,0 
2029,329,805,0 
2030,329,946,0 
2031,329,183,0 
2032,329,728,0 
2033,329,874,0 
2034,329,452,1 
2035,72,784,0 
2036,72,781,0 
2037,72,730,0 
2038,72,733,0 
2039,72,56,0 
2040,72,335,0 
2041,72,340,0 
2042,72,34,0 
2043,72,938,1 
2044,72,920,6 
2045,784,594,0 
2046,784,548,7 
2047,418,387,0 
2048,418,357,0 
2049,418,592,0 
2050,418,873,0 
2051,418,692,0 
2052,418,927,0 
2053,387,272,0 
2054,387,370,1 
2055,387,283,2 
2056,387,759,1 
2057,387,733,1 
2058,104,756,1 
2059,104,229,1 
2060,104,445,2 
2061,104,944,10 
2062,104,16,2 
2063,104,914,2 
2064,756,342,3 
2065,756,419,1 
2066,347,313,0 
2067,347,636,0 
2068,347,604,0 
2069,347,684,0 
2070,347,2,2 
2071,347,781,0 
2072,347,208,3 
2073,219,370,9 
2074,219,767,3 
2075,248,79,1 
2076,248,228,2 
2077,248,959,1 
2078,248,500,4 
2079,79,58,0 
2080,79,567,0 
2081,79,555,0 
2082,79,548,1 
2083,79,894,1 
2084,79,966,0 
2085,79,28,0 
2086,451,365,0 
2087,451,5,0 
2088,451,245,0 
2089,451,789,0 
2090,451,506,0 
2091,451,478,0 
2092,451,561,0 
2093,451,679,0 
2094,365,754,0 
2095,365,929,0 
2096,365,490,0 
2097,365,972,0 
2098,365,2,1 
2099,365,23,0 
2100,5,199,0 
2101,5,446,0 
2102,5,765,0 
2103,5,876,1 
2104,5,873,0 
2105,5,102,1 
2106,643,77,0 
2107,643,184,0 
2108,643,504,0 
2109,643,999,0 
2110,643,536,1 
2111,643,267,2 
2112,643,64,4 
2113,643,670,10 
2114,77,243,0 
2115,77,572,0 
2116,77,118,0 
2117,77,967,2 
2118,77,752,1 
2119,406,742,0 
2120,406,200,0 
2121,406,959,0 
2122,406,692,0 
2123,406,121,0 
2124,406,690,2 
2125,447,815,0 
2126,447,673,0 
2127,447,382,0 
2128,447,606,0 
2129,447,561,0 
2130,447,225,0 
2131,447,631,0 
2132,447,685,4 
2133,815,519,0 
2134,815,578,0 
2135,815,882,0 
2136,815,441,0 
2137,815,657,0 
2138,815,278,0 
2139,815,807,0 
2140,815,399,0 
2141,985,805,0 
2142,985,975,0 
2143,985,20,0 
2144,985,136,0 
2145,985,196,0 
2146,985,990,0 
2147,985,876,0 
2148,985,971,0 
2149,985,328,1 
2150,985,582,5 
2151,407,2,6 
2152,407,847,8 
2153,407,677,5 
2154,81,14,0 
2155,81,111,0 
2156,81,181,0 
2157,81,457,0 
2158,81,380,0 
2159,81,822,0 
2160,81,645,3 
2161,14,815,0 
2162,14,108,0 
2163,14,299,0 
2164,14,852,0 
2165,14,865,0 
2166,14,993,0 
2167,14,4,1 
2168,986,829,2 
2169,986,673,0 
2170,986,848,2 
2171,986,366,9 
2172,309,7,0 
2173,309,273,1 
2174,309,213,2 
2175,309,612,4 
2176,309,33,8 
2177,309,892,6 
2178,7,906,0 
2179,7,579,0 
2180,7,232,0 
2181,7,960,0 
2182,7,899,0 
2183,7,656,0 
2184,7,228,2 
2185,7,952,4 
2186,7,335,4 
2187,916,313,0 
2188,916,468,2 
2189,916,636,6 
2190,916,23,9 
2191,590,638,0 
2192,590,696,1 
2193,590,572,0 
2194,590,752,0 
2195,590,790,0 
2196,590,825,0 
2197,590,34,3 
2198,590,610,7 
2199,96,73,0 
2200,96,42,0 
2201,96,693,3 
2202,96,208,4 
2203,73,251,0 
2204,73,622,0 
2205,73,635,0 
2206,73,250,0 
2207,73,832,0 
2208,73,399,1 
2209,73,893,1 
2210,73,595,4 
2211,885,966,0 
2212,885,390,0 
2213,885,420,0 
2214,885,753,1 
2215,885,277,0 
2216,885,632,6 
2217,814,798,0 
2218,814,843,0 
2219,814,220,0 
2220,814,204,1 
2221,814,643,2 
2222,798,589,5 
2223,798,640,1 
2224,798,70,5 
2225,798,141,5 
2226,798,407,0 
2227,798,653,6 
2228,798,99,9 
2229,915,207,0 
2230,915,630,1 
2231,915,33,1 
2232,915,734,0 
2233,915,561,4 
2234,207,891,0 
2235,207,551,0 
2236,207,393,0 
2237,792,269,0 
2238,792,992,0 
2239,792,399,1 
2240,792,628,6 
2241,792,167,0 
2242,792,490,4 
2243,269,314,0 
2244,269,916,0 
2245,269,380,0 
2246,269,678,0 
2247,269,405,0 
2248,269,560,0 
2249,269,382,0 
2250,269,982,1 
2251,111,334,0 
2252,111,761,0 
2253,111,368,4 
2254,111,873,0 
2255,111,67,2 
2256,334,415,0 
2257,334,165,0 
2258,334,729,0 
2259,334,719,5 
2260,334,617,5 
2261,848,781,3 
2262,848,640,0 
2263,848,811,0 
2264,848,431,7 
2265,848,35,0 
2266,848,752,0 
2267,848,906,4 
2268,848,179,9 
2269,781,663,0 
2270,781,241,5 
2271,781,243,3 
2272,781,827,1 
2273,781,201,8 
2274,975,560,0 
2275,975,78,0 
2276,975,381,0 
2277,975,316,9 
2278,975,738,3 
2279,560,511,0 
2280,560,920,0 
2281,560,577,0 
2282,560,196,0 
2283,560,805,0 
2284,560,975,2 
2285,906,310,0 
2286,906,656,1 
2287,906,688,1 
2288,906,158,0 
2289,906,500,0 
2290,906,231,5 
2291,906,541,0 
2292,906,167,1 
2293,906,188,2 
2294,252,215,0 
2295,252,538,0 
2296,252,192,0 
2297,252,698,0 
2298,252,454,0 
2299,252,588,0 
2300,252,200,0 
2301,892,781,1 
2302,892,238,2 
2303,892,35,0 
2304,892,2,5 
2305,892,265,0 
2306,892,301,0 
2307,892,39,0 
2308,892,690,5 
2309,892,36,10 
2310,892,964,3 
2311,892,698,3 
2312,857,517,0 
2313,857,846,0 
2314,857,789,0 
2315,857,25,0 
2316,857,345,0 
2317,857,307,0 
2318,857,238,1 
2319,857,644,6 
2320,720,822,0 
2321,720,624,0 
2322,720,175,0 
2323,720,432,1 
2324,720,152,0 
2325,720,650,0 
2326,793,478,0 
2327,793,108,0 
2328,793,99,0 
2329,793,305,0 
2330,793,371,3 
2331,793,425,1 
2332,374,731,0 
2333,374,750,0 
2334,374,673,0 
2335,374,451,0 
2336,374,37,0 
2337,374,423,0 
2338,374,984,0 
2339,374,29,1 
2340,731,766,0 
2341,731,521,0 
2342,731,948,1 
2343,731,663,0 
2344,731,694,10 
2345,904,459,0 
2346,904,883,0 
2347,904,511,0 
2348,904,254,6 
2349,904,330,4 
2350,459,26,0 
2351,459,454,0 
2352,459,1000,0 
2353,459,745,0 
2354,459,609,0 
2355,459,394,3 
2356,459,158,0 
2357,459,278,6 
2358,230,998,0 
2359,230,335,0 
2360,230,293,0 
2361,230,526,0 
2362,230,405,0 
2363,230,976,2 
2364,230,333,6 
2365,230,58,2 
2366,998,158,0 
2367,998,740,0 
2368,998,565,0 
2369,998,308,1 
2370,998,640,0 
2371,998,656,0 
2372,998,72,7 
2373,891,652,0 
2374,891,642,0 
2375,891,547,1 
2376,891,429,3 
2377,891,473,4 
2378,891,910,8 
2379,652,575,0 
2380,652,773,0 
2381,652,28,0 
2382,652,178,0 
2383,652,917,2 
2384,521,197,4 
2385,177,298,0 
2386,177,95,0 
2387,177,2,4 
2388,177,650,0 
2389,177,226,0 
2390,177,914,0 
2391,177,269,0 
2392,177,455,0 
2393,177,925,0 
2394,177,750,0 
2395,177,66,6 
2396,800,3,0 
2397,800,452,0 
2398,800,941,0 
2399,800,785,0 
2400,800,685,0 
2401,800,659,0 
2402,3,526,0 
2403,3,180,1 
2404,3,705,9 
2405,89,797,0 
2406,89,726,0 
2407,89,474,0 
2408,89,299,0 
2409,89,304,0 
2410,89,767,0 
2411,89,517,0 
2412,89,599,0 
2413,89,364,1 
2414,89,504,1 
2415,89,932,6 
2416,797,871,0 
2417,797,69,0 
2418,797,155,0 
2419,797,383,6 
2420,595,969,0 
2421,595,862,0 
2422,595,669,0 
2423,595,950,0 
2424,595,322,0 
2425,595,804,1 
2426,595,273,1 
2427,595,247,4 
2428,969,306,0 
2429,969,960,0 
2430,969,243,3 
2431,969,340,3 
2432,969,332,8 
2433,969,781,3 
2434,221,476,0 
2435,221,654,0 
2436,221,2,3 
2437,221,176,0 
2438,221,990,0 
2439,221,968,0 
2440,221,215,0 
2441,221,372,0 
2442,476,897,0 
2443,476,153,0 
2444,476,646,1 
2445,476,944,2 
2446,638,23,2 
2447,638,907,6 
2448,638,206,4 
2449,638,770,3 
2450,257,32,0 
2451,257,755,0 
2452,257,399,0 
2453,257,537,0 
2454,257,579,0 
2455,257,113,0 
2456,257,753,0 
2457,257,319,1 
2458,32,723,0 
2459,32,127,0 
2460,32,790,4 
2461,32,461,0 
2462,810,967,0 
2463,810,107,0 
2464,747,303,0 
2465,747,637,0 
2466,747,260,0 
2467,747,801,1 
2468,747,197,9 
2469,912,727,0 
2470,912,983,0 
2471,912,918,1 
2472,727,892,0 
2473,727,309,0 
2474,727,386,0 
2475,727,579,0 
2476,727,220,1 
2477,727,260,4 
2478,321,81,0 
2479,321,498,0 
2480,321,744,0 
2481,321,964,0 
2482,321,304,0 
2483,321,855,0 
2484,321,636,0 
2485,321,780,0 
2486,321,895,0 
2487,321,751,0 
2488,321,10,0 
2489,71,318,0 
2490,71,127,0 
2491,71,683,0 
2492,71,665,0 
2493,71,348,0 
2494,71,116,0 
2495,486,54,0 
2496,486,403,0 
2497,486,963,0 
2498,486,49,0 
2499,486,360,0 
2500,486,716,0 
2501,871,428,0 
2502,871,442,0 
2503,871,87,0 
2504,871,220,0 
2505,871,839,0 
2506,871,68,0 
2507,871,869,4 
2508,379,964,0 
2509,379,316,0 
2510,379,501,0 
2511,379,105,0 
2512,379,558,0 
2513,379,640,0 
2514,379,199,3 
2515,379,725,4 
2516,964,966,0 
2517,964,702,2 
2518,964,193,0 
2519,964,105,1 
2520,964,37,2 
2521,964,882,3 
2522,964,578,7 
2523,964,806,10 
2524,964,798,8 
2525,146,752,0 
2526,146,301,0 
2527,146,34,1 
2528,146,755,8 
2529,434,67,0 
2530,434,989,0 
2531,434,585,0 
2532,434,467,1 
2533,434,387,3 
2534,67,444,0 
2535,67,823,1 
2536,67,787,9 
2537,494,365,0 
2538,494,758,0 
2539,494,246,0 
2540,494,655,0 
2541,494,787,5 
2542,529,614,0 
2543,529,622,0 
2544,529,707,0 
2545,529,453,0 
2546,529,611,0 
2547,529,75,1 
2548,529,569,0 
2549,98,731,0 
2550,98,512,0 
2551,98,177,0 
2552,98,590,1 
2553,98,505,0 
2554,562,25,0 
2555,562,119,0 
2556,562,738,0 
2557,562,95,1 
2558,562,402,0 
2559,562,689,5 
2560,562,949,2 
2561,515,792,3 
2562,515,837,6 
2563,515,750,10 
2564,515,805,1 
2565,393,353,5 
2566,393,636,1 
2567,393,790,2 
2568,393,991,1 
2569,393,164,1 
2570,393,853,3 
2571,393,384,3 
2572,353,172,0 
2573,353,230,0 
2574,353,437,0 
2575,353,31,0 
2576,353,493,0 
2577,353,649,2 
2578,353,889,4 
2579,414,90,1 
2580,414,306,0 
2581,414,558,3 
2582,414,229,4 
2583,90,440,0 
2584,90,873,0 
2585,90,563,2 
2586,90,37,0 
2587,369,672,0 
2588,369,529,0 
2589,369,176,0 
2590,369,135,0 
2591,369,89,1 
2592,369,688,0 
2593,369,111,1 
2594,369,644,1 
2595,672,774,0 
2596,672,677,0 
2597,672,191,1 
2598,672,788,2 
2599,672,949,4 
2600,669,699,1 
2601,669,63,0 
2602,669,906,0 
2603,669,827,0 
2604,669,829,0 
2605,669,98,1 
2606,35,702,0 
2607,35,966,5 
2608,35,341,10 
2609,35,578,2 
2610,348,699,0 
2611,348,624,0 
2612,348,875,0 
2613,348,146,2 
2614,348,578,0 
2615,348,760,0 
2616,348,550,3 
2617,274,195,1 
2618,274,501,0 
2619,274,861,3 
2620,274,600,3 
2621,498,293,0 
2622,498,524,0 
2623,498,137,0 
2624,498,30,0 
2625,498,993,2 
2626,498,921,2 
2627,498,567,2 
2628,645,335,0 
2629,645,424,1 
2630,645,5,2 
2631,335,829,4 
2632,335,882,1 
2633,335,296,1 
2634,131,882,0 
2635,131,549,0 
2636,131,927,0 
2637,131,186,0 
2638,131,664,0 
2639,808,889,0 
2640,808,906,0 
2641,808,312,0 
2642,808,552,0 
2643,808,36,0 
2644,808,910,0 
2645,808,64,0 
2646,808,550,2 
2647,400,864,0 
2648,400,295,0 
2649,400,200,0 
2650,400,266,0 
2651,400,406,0 
2652,400,925,0 
2653,400,861,0 
2654,400,609,0 
2655,400,353,1 
2656,400,999,2 
2657,400,714,1 
2658,864,593,0 
2659,864,894,0 
2660,864,235,0 
2661,864,967,0 
2662,864,977,0 
2663,864,935,0 
2664,864,803,2 
2665,315,968,0 
2666,315,313,0 
2667,315,867,1 
2668,315,592,5 
2669,968,32,0 
2670,968,821,0 
2671,968,636,0 
2672,968,247,9 
2673,968,956,1 
2674,971,796,0 
2675,971,177,0 
2676,971,394,0 
2677,971,174,2 
2678,971,161,1 
2679,971,215,10 
2680,843,463,0 
2681,843,728,0 
2682,843,597,0 
2683,843,664,0 
2684,843,952,0 
2685,922,497,0 
2686,922,281,0 
2687,922,682,0 
2688,922,353,0 
2689,922,823,1 
2690,922,279,2 
2691,922,598,7 
2692,497,325,0 
2693,497,671,0 
2694,497,867,0 
2695,497,743,0 
2696,497,704,0 
2697,774,422,0 
2698,774,199,0 
2699,774,857,0 
2700,774,93,0 
2701,774,9,0 
2702,774,84,0 
2703,774,482,0 
2704,774,911,0 
2705,422,388,0 
2706,422,712,2 
2707,422,136,5 
2708,422,515,3 
2709,422,473,1 
2710,422,357,1 
2711,422,452,2 
2712,187,624,0 
2713,187,758,0 
2714,187,534,0 
2715,187,681,0 
2716,187,277,0 
2717,187,378,1 
2718,187,790,2 
2719,187,559,1 
2720,624,747,1 
2721,624,825,0 
2722,624,840,0 
2723,624,802,1 
2724,624,218,1 
2725,624,732,2 
2726,209,600,0 
2727,209,810,0 
2728,209,780,0 
2729,209,14,1 
2730,209,433,1 
2731,209,76,3 
2732,600,661,0 
2733,600,176,0 
2734,600,137,0 
2735,600,305,3 
2736,600,274,0 
2737,475,714,2 
2738,475,702,0 
2739,475,505,0 
2740,475,303,0 
2741,475,522,0 
2742,475,264,1 
2743,475,105,0 
2744,475,34,9 
2745,475,853,3 
2746,929,903,0 
2747,929,70,0 
2748,929,167,0 
2749,929,505,0 
2750,929,604,0 
2751,929,917,9 
2752,903,578,0 
2753,903,407,1 
2754,903,522,8 
2755,903,306,1 
2756,903,886,6 
2757,903,964,5 
2758,184,890,0 
2759,184,463,0 
2760,184,241,0 
2761,474,541,5 
2762,474,39,3 
2763,474,243,5 
2764,474,579,4 
2765,474,238,2 
2766,541,70,4 
2767,541,141,1 
2768,541,105,0 
2769,541,301,4 
2770,541,903,3 
2771,541,310,7 
2772,894,765,0 
2773,894,527,0 
2774,894,888,0 
2775,894,237,0 
2776,894,801,0 
2777,894,802,0 
2778,894,43,1 
2779,680,34,1 
2780,680,379,3 
2781,680,105,0 
2782,680,193,1 
2783,680,696,4 
2784,126,387,0 
2785,126,28,0 
2786,126,990,2 
2787,126,856,0 
2788,733,604,0 
2789,733,32,0 
2790,733,312,2 
2791,733,848,2 
2792,733,708,1 
2793,733,945,4 
2794,733,310,1 
2795,733,239,6 
2796,604,760,0 
2797,604,105,1 
2798,604,964,2 
2799,604,60,4 
2800,604,840,2 
2801,129,453,0 
2802,129,840,0 
2803,129,420,0 
2804,129,450,0 
2805,129,902,0 
2806,129,57,5 
2807,453,946,0 
2808,453,359,0 
2809,453,475,0 
2810,453,909,1 
2811,453,626,6 
2812,172,841,0 
2813,172,820,5 
2814,172,223,4 
2815,172,311,0 
2816,214,853,0 
2817,214,937,0 
2818,214,727,0 
2819,214,42,0 
2820,214,964,0 
2821,214,701,0 
2822,853,994,4 
2823,853,309,4 
2824,853,39,0 
2825,853,301,3 
2826,853,903,1 
2827,853,760,0 
2828,853,35,3 
2829,853,811,2 
2830,946,18,0 
2831,946,167,0 
2832,946,656,0 
2833,946,622,0 
2834,946,2,0 
2835,946,169,0 
2836,946,480,0 
2837,18,952,0 
2838,18,162,1 
2839,18,485,1 
2840,18,684,7 
2841,477,884,0 
2842,477,889,1 
2843,477,36,8 
2844,477,206,5 
2845,477,70,2 
2846,477,515,8 
2847,724,727,0 
2848,724,267,0 
2849,724,565,0 
2850,724,78,0 
2851,724,533,0 
2852,724,575,0 
2853,576,596,1 
2854,576,929,0 
2855,576,917,2 
2856,576,916,5 
2857,596,508,3 
2858,596,335,0 
2859,596,313,0 
2860,596,793,0 
2861,596,781,2 
2862,596,264,0 
2863,596,704,2 
2864,856,880,0 
2865,856,334,0 
2866,856,721,0 
2867,856,233,0 
2868,856,971,0 
2869,856,188,0 
2870,856,976,7 
2871,880,573,0 
2872,880,598,1 
2873,880,123,0 
2874,880,959,1 
2875,880,80,2 
2876,880,160,2 
2877,880,48,3 
2878,630,16,0 
2879,630,884,1 
2880,630,850,4 
2881,716,2,10 
2882,716,497,0 
2883,716,289,0 
2884,716,144,0 
2885,716,778,2 
2886,91,112,0 
2887,91,907,0 
2888,91,426,0 
2889,91,687,1 
2890,91,39,0 
2891,91,558,6 
2892,112,315,0 
2893,112,577,0 
2894,112,762,1 
2895,112,119,2 
2896,565,612,0 
2897,565,966,0 
2898,565,792,0 
2899,565,852,4 
2900,528,903,0 
2901,528,34,0 
2902,528,953,0 
2903,528,762,1 
2904,528,942,2 
2905,528,144,5 
2906,617,473,1 
2907,617,254,1 
2908,617,301,0 
2909,617,19,8 
2910,617,271,1 
2911,473,78,0 
2912,473,969,10 
2913,473,394,8 
2914,473,105,5 
2915,473,882,5 
2916,25,410,0 
2917,25,248,0 
2918,25,470,0 
2919,25,561,0 
2920,163,474,0 
2921,163,895,0 
2922,163,625,3 
2923,710,209,0 
2924,710,488,1 
2925,710,513,2 
2926,710,435,4 
2927,933,720,0 
2928,933,872,0 
2929,933,782,5 
2930,12,216,0 
2931,12,154,0 
2932,12,80,0 
2933,12,10,0 
2934,12,878,0 
2935,12,428,0 
2936,12,817,0 
2937,12,519,0 
2938,216,111,0 
2939,216,773,0 
2940,216,691,0 
2941,216,665,0 
2942,216,390,0 
2943,216,530,0 
2944,216,435,0 
2945,216,994,0 
2946,216,893,0 
2947,58,526,0 
2948,58,187,4 
2949,58,501,0 
2950,58,395,9 
2951,877,171,0 
2952,877,296,0 
2953,877,978,0 
2954,877,772,0 
2955,877,68,0 
2956,877,969,0 
2957,877,856,3 
2958,171,936,0 
2959,171,300,0 
2960,171,778,0 
2961,171,633,0 
2962,171,463,0 
2963,171,570,0 
2964,228,9,0 
2965,228,156,8 
2966,9,944,0 
2967,9,639,0 
2968,9,544,0 
2969,9,878,0 
2970,9,409,0 
2971,9,522,0 
2972,9,795,0 
2973,201,772,1 
2974,201,773,1 
2975,201,145,5 
2976,201,481,5 
2977,693,642,0 
2978,693,116,0 
2979,693,369,0 
2980,693,179,0 
2981,693,804,0 
2982,693,2,5 
2983,642,313,0 
2984,642,295,0 
2985,642,134,0 
2986,642,527,0 
2987,642,950,0 
2988,642,919,0 
2989,642,236,1 
2990,642,213,5 
2991,308,302,0 
2992,308,125,0 
2993,308,772,0 
2994,308,795,0 
2995,308,22,0 
2996,308,683,0 
2997,308,934,1 
2998,302,841,2 
2999,302,105,0 
3000,302,833,6 
3001,714,991,0 
3002,714,607,0 
3003,714,265,0 
3004,714,792,5 
3005,714,15,4 
3006,714,859,3 
3007,103,17,0 
3008,103,939,0 
3009,103,749,0 
3010,103,701,0 
3011,103,813,0 
3012,103,22,0 
3013,103,418,0 
3014,442,611,0 
3015,442,350,0 
3016,442,932,3 
3017,442,407,0 
3018,442,979,0 
3019,239,15,1 
3020,239,254,1 
3021,239,265,0 
3022,239,945,0 
3023,239,963,5 
3024,46,513,0 
3025,46,923,0 
3026,247,83,0 
3027,247,661,9 
3028,247,717,1 
3029,247,714,2 
3030,247,366,9 
3031,83,784,0 
3032,83,141,0 
3033,83,604,0 
3034,83,475,3 
3035,83,967,9 
3036,445,336,0 
3037,445,219,0 
3038,445,191,0 
3039,445,131,0 
3040,445,802,0 
3041,445,720,0 
3042,445,105,0 
3043,445,883,0 
3044,445,650,1 
3045,445,864,2 
3046,336,764,0 
3047,336,826,0 
3048,336,440,0 
3049,336,54,0 
3050,336,735,0 
3051,336,798,0 
3052,336,257,0 
3053,336,167,0 
3054,336,512,0 
3055,336,352,2 
3056,336,473,0 
3057,336,551,2 
3058,602,474,0 
3059,602,618,0 
3060,602,459,0 
3061,602,376,0 
3062,602,584,1 
3063,602,969,4 
3064,322,230,0 
3065,322,932,0 
3066,322,187,0 
3067,322,152,0 
3068,322,994,0 
3069,322,793,0 
3070,322,398,1 
3071,613,718,0 
3072,613,629,0 
3073,613,487,0 
3074,613,990,0 
3075,613,515,0 
3076,613,48,0 
3077,613,922,8 
3078,613,985,3 
3079,718,959,0 
3080,718,303,0 
3081,718,871,1 
3082,718,193,0 
3083,718,833,3 
3084,718,473,2 
3085,429,83,0 
3086,429,533,1 
3087,429,839,3 
3088,429,238,2 
3089,429,160,5 
3090,429,330,7 
3091,429,17,1 
3092,994,487,3 
3093,994,40,5 
3094,994,265,0 
3095,994,35,1 
3096,994,640,0 
3097,994,105,1 
3098,994,591,4 
3099,580,196,0 
3100,580,795,0 
3101,580,881,0 
3102,580,24,3 
3103,580,286,1 
3104,580,913,7 
3105,636,327,2 
3106,636,488,1 
3107,636,976,1 
3108,636,310,0 
3109,636,301,2 
3110,636,892,5 
3111,636,746,1 
3112,636,341,2 
3113,908,378,0 
3114,908,470,0 
3115,908,362,0 
3116,908,441,2 
3117,378,21,2 
3118,378,950,2 
3119,378,316,4 
3120,255,164,0 
3121,255,79,0 
3122,255,139,0 
3123,255,470,0 
3124,33,576,4 
3125,33,579,7 
3126,33,35,1 
3127,33,2,10 
3128,485,736,0 
3129,485,309,7 
3130,485,473,3 
3131,485,248,5 
3132,736,917,0 
3133,736,849,0 
3134,736,454,3 
3135,736,766,6 
3136,118,899,0 
3137,118,546,0 
3138,118,16,0 
3139,118,612,0 
3140,118,56,0 
3141,118,611,0 
3142,118,539,0 
3143,118,60,1 
3144,567,313,0 
3145,567,60,0 
3146,567,157,1 
3147,567,991,0 
3148,567,64,5 
3149,241,77,0 
3150,241,174,0 
3151,241,878,0 
3152,241,627,0 
3153,241,82,1 
3154,241,224,4 
3155,910,452,0 
3156,910,96,0 
3157,910,425,1 
3158,910,906,0 
3159,910,980,0 
3160,910,416,2 
3161,910,962,6 
3162,835,754,0 
3163,835,507,1 
3164,835,384,0 
3165,835,522,0 
3166,835,607,1 
3167,886,696,0 
3168,886,382,0 
3169,886,396,0 
3170,886,553,1 
3171,886,351,5 
3172,696,789,0 
3173,696,499,0 
3174,696,60,0 
3175,696,134,0 
3176,696,402,4 
3177,696,945,4 
3178,696,588,5 
3179,202,175,0 
3180,202,377,0 
3181,202,566,0 
3182,202,454,0 
3183,202,955,0 
3184,202,659,0 
3185,202,2,2 
3186,202,91,0 
3187,202,403,0 
3188,202,678,0 
3189,202,689,0 
3190,86,352,0 
3191,86,463,0 
3192,86,373,2 
3193,570,381,0 
3194,570,280,0 
3195,570,328,0 
3196,570,878,0 
3197,570,513,0 
3198,570,601,0 
3199,570,869,0 
3200,570,449,0 
3201,570,978,0 
3202,381,473,0 
3203,381,779,0 
3204,381,239,0 
3205,381,830,6 
3206,381,768,7 
3207,897,22,0 
3208,897,384,0 
3209,897,323,0 
3210,897,568,0 
3211,897,732,0 
3212,897,244,3 
3213,463,424,1 
3214,463,127,1 
3215,463,402,8 
3216,463,209,3 
3217,463,799,1 
3218,424,220,0 
3219,424,104,1 
3220,424,143,0 
3221,424,976,0 
3222,424,714,1 
3223,424,538,1 
3224,26,25,0 
3225,26,764,0 
3226,26,349,0 
3227,26,306,0 
3228,26,987,0 
3229,26,279,0 
3230,26,962,0 
3231,54,695,1 
3232,54,185,2 
3233,54,745,5 
3234,633,489,0 
3235,633,226,0 
3236,633,982,0 
3237,633,774,0 
3238,633,405,0 
3239,633,201,0 
3240,633,524,6 
3241,729,947,0 
3242,729,652,0 
3243,729,390,0 
3244,729,601,0 
3245,729,597,0 
3246,729,773,0 
3247,729,303,4 
3248,947,304,0 
3249,947,841,0 
3250,947,997,0 
3251,947,584,0 
3252,671,580,0 
3253,671,243,0 
3254,671,302,1 
3255,671,593,0 
3256,671,885,0 
3257,671,270,1 
3258,671,409,4 
3259,855,803,0 
3260,855,92,5 
3261,855,312,5 
3262,855,476,3 
3263,855,230,6 
3264,803,568,0 
3265,803,270,0 
3266,803,835,0 
3267,803,516,0 
3268,803,265,0 
3269,803,574,0 
3270,803,580,3 
3271,246,401,0 
3272,246,597,0 
3273,246,895,0 
3274,246,65,0 
3275,246,562,0 
3276,246,726,0 
3277,246,565,1 
3278,246,897,3 
3279,246,250,5 
3280,401,74,0 
3281,401,146,0 
3282,401,341,0 
3283,401,871,2 
3284,401,213,9 
3285,401,764,2 
3286,291,885,1 
3287,291,853,0 
3288,291,575,2 
3289,291,243,8 
3290,291,679,6 
3291,291,591,2 
3292,291,105,0 
3293,291,474,3 
3294,554,138,0 
3295,554,944,0 
3296,554,503,0 
3297,554,796,0 
3298,554,958,0 
3299,554,733,0 
3300,554,453,0 
3301,554,859,0 
3302,554,928,0 
3303,554,466,0 
3304,554,429,6 
3305,941,808,0 
3306,941,576,0 
3307,941,129,0 
3308,941,205,0 
3309,941,702,0 
3310,941,780,0 
3311,941,383,3 
3312,591,903,5 
3313,591,960,1 
3314,591,500,2 
3315,591,39,1 
3316,13,168,0 
3317,13,47,0 
3318,13,197,0 
3319,13,943,0 
3320,13,480,6 
3321,13,617,1 
3322,224,599,0 
3323,224,387,0 
3324,224,815,0 
3325,224,938,0 
3326,224,630,3 
3327,224,784,1 
3328,224,933,5 
3329,224,798,3 
3330,224,2,3 
3331,599,917,0 
3332,599,611,0 
3333,599,122,0 
3334,599,588,0 
3335,599,591,0 
3336,599,963,2 
3337,599,937,7 
3338,253,60,1 
3339,253,39,0 
3340,253,64,3 
3341,253,301,2 
3342,253,501,5 
3343,60,243,5 
3344,60,407,0 
3345,60,394,5 
3346,60,306,1 
3347,60,673,7 
3348,314,972,0 
3349,314,453,0 
3350,314,258,0 
3351,314,131,0 
3352,314,638,0 
3353,314,106,6 
3354,435,649,0 
3355,435,126,0 
3356,435,386,0 
3357,435,712,0 
3358,435,593,0 
3359,435,787,0 
3360,435,975,0 
3361,435,404,0 
3362,435,368,0 
3363,435,534,0 
3364,435,336,4 
3365,409,456,0 
3366,409,316,0 
3367,409,921,0 
3368,409,667,0 
3369,409,105,0 
3370,409,74,0 
3371,409,990,4 
3372,923,247,0 
3373,923,358,0 
3374,923,597,0 
3375,923,700,0 
3376,923,978,0 
3377,923,556,0 
3378,923,83,0 
3379,923,652,0 
3380,923,207,0 
3381,923,759,0 
3382,923,710,0 
3383,923,912,0 
3384,923,339,0 
3385,549,788,0 
3386,549,551,0 
3387,549,836,0 
3388,549,157,1 
3389,537,253,0 
3390,537,319,0 
3391,537,576,0 
3392,537,829,0 
3393,537,567,0 
3394,537,158,0 
3395,537,552,0 
3396,537,702,0 
3397,537,18,3 
3398,926,208,0 
3399,926,975,0 
3400,926,420,1 
3401,926,789,4 
3402,208,966,0 
3403,208,394,0 
3404,208,33,0 
3405,208,790,0 
3406,208,243,1 
3407,208,575,0 
3408,208,680,0 
3409,208,607,2 
3410,208,747,5 
3411,208,656,4 
3412,432,555,0 
3413,432,309,1 
3414,432,201,3 
3415,432,939,4 
3416,250,755,1 
3417,250,611,1 
3418,250,351,6 
3419,250,254,9 
3420,250,747,4 
3421,250,527,4 
3422,250,208,1 
3423,250,736,3 
3424,250,480,2 
3425,627,48,2 
3426,627,579,3 
3427,627,253,3 
3428,627,960,1 
3429,199,853,0 
3430,199,945,7 
3431,199,295,10 
3432,199,966,2 
3433,8,84,0 
3434,8,973,0 
3435,8,770,1 
3436,8,525,0 
3437,942,754,0 
3438,942,85,0 
3439,942,261,0 
3440,942,400,0 
3441,942,571,0 
3442,942,832,4 
3443,942,751,6 
3444,754,719,0 
3445,754,263,0 
3446,754,952,0 
3447,754,274,0 
3448,754,156,0 
3449,754,41,0 
3450,754,713,0 
3451,677,653,0 
3452,677,983,0 
3453,677,140,0 
3454,677,847,2 
3455,677,97,7 
3456,653,806,0 
3457,653,976,0 
3458,653,689,0 
3459,653,195,0 
3460,653,3,0 
3461,653,494,2 
3462,653,758,5 
3463,415,844,0 
3464,415,508,0 
3465,415,110,0 
3466,415,381,0 
3467,415,324,0 
3468,415,650,0 
3469,415,591,0 
3470,844,585,0 
3471,844,932,0 
3472,844,295,0 
3473,844,278,0 
3474,844,256,0 
3475,844,987,0 
3476,844,360,0 
3477,844,807,0 
3478,844,477,3 
3479,844,436,4 
3480,276,238,0 
3481,276,1000,0 
3482,276,141,0 
3483,276,152,0 
3484,276,579,0 
3485,276,741,0 
3486,276,183,0 
3487,276,998,0 
3488,276,163,3 
3489,276,763,0 
3490,276,541,1 
3491,276,761,7 
3492,640,39,0 
3493,640,494,2 
3494,640,326,3 
3495,640,594,1 
3496,640,2,6 
3497,640,265,2 
3498,640,407,1 
3499,152,262,0 
3500,152,703,0 
3501,152,144,0 
3502,152,165,0 
3503,152,726,0 
3504,152,667,1 
3505,152,282,8 
3506,262,993,0 
3507,262,662,0 
3508,262,113,0 
3509,262,119,8 
3510,952,772,8 
3511,952,327,3 
3512,952,522,0 
3513,952,723,2 
3514,952,278,9 
3515,346,102,0 
3516,346,571,0 
3517,346,210,0 
3518,346,710,0 
3519,346,577,0 
3520,346,757,0 
3521,346,35,0 
3522,102,577,0 
3523,102,552,0 
3524,102,391,0 
3525,102,61,1 
3526,102,646,2 
3527,868,444,1 
3528,868,646,1 
3529,868,958,3 
3530,868,956,0 
3531,444,687,0 
3532,444,279,0 
3533,444,371,0 
3534,444,159,0 
3535,444,335,0 
3536,444,650,1 
3537,997,947,0 
3538,997,814,0 
3539,997,21,0 
3540,997,657,0 
3541,997,14,0 
3542,997,259,0 
3543,997,955,0 
3544,997,67,0 
3545,997,678,0 
3546,997,931,0 
3547,997,260,0 
3548,776,903,0 
3549,776,552,0 
3550,776,267,1 
3551,776,925,1 
3552,227,702,0 
3553,227,625,0 
3554,227,767,0 
3555,227,582,0 
3556,227,868,0 
3557,227,575,0 
3558,227,895,2 
3559,227,501,0 
3560,227,708,4 
3561,940,180,0 
3562,940,93,0 
3563,940,381,1 
3564,940,345,1 
3565,180,612,0 
3566,180,330,0 
3567,180,197,0 
3568,180,60,0 
3569,180,309,5 
3570,511,484,0 
3571,511,310,0 
3572,511,386,0 
3573,511,2,0 
3574,511,628,0 
3575,511,879,0 
3576,632,890,0 
3577,632,136,1 
3578,632,15,0 
3579,632,733,1 
3580,632,464,5 
3581,178,591,0 
3582,178,476,0 
3583,178,78,0 
3584,178,534,0 
3585,178,928,2 
3586,236,158,0 
3587,236,908,0 
3588,236,572,1 
3589,236,134,0 
3590,236,401,1 
3591,296,346,0 
3592,296,388,0 
3593,296,58,0 
3594,296,415,0 
3595,296,174,0 
3596,296,343,0 
3597,296,178,1 
3598,513,694,0 
3599,513,587,3 
3600,513,763,1 
3601,513,232,2 
3602,513,100,10 
3603,513,488,9 
3604,694,483,0 
3605,694,495,0 
3606,694,600,0 
3607,694,496,0 
3608,694,372,0 
3609,694,119,3 
3610,694,391,7 
3611,610,964,0 
3612,610,848,8 
3613,610,567,2 
3614,45,208,0 
3615,45,236,0 
3616,45,920,0 
3617,45,537,0 
3618,45,445,0 
3619,244,561,0 
3620,244,988,1 
3621,244,710,2 
3622,561,677,2 
3623,561,381,1 
3624,561,630,0 
3625,561,447,4 
3626,37,306,0 
3627,37,966,4 
3628,37,39,0 
3629,37,798,3 
3630,618,786,0 
3631,618,508,0 
3632,618,589,0 
3633,618,378,0 
3634,654,523,0 
3635,654,806,0 
3636,654,127,0 
3637,654,837,0 
3638,654,221,0 
3639,654,88,0 
3640,654,928,0 
3641,654,789,3 
3642,523,206,0 
3643,523,455,0 
3644,523,2,1 
3645,523,177,0 
3646,523,121,0 
3647,523,280,0 
3648,523,639,0 
3649,92,805,0 
3650,92,591,0 
3651,92,472,1 
3652,92,644,5 
3653,92,312,1 
3654,972,733,0 
3655,972,740,0 
3656,972,148,2 
3657,972,189,1 
3658,972,690,2 
3659,972,310,0 
3660,972,459,5 
3661,59,739,0 
3662,59,183,0 
3663,59,199,0 
3664,59,307,0 
3665,59,414,0 
3666,585,548,0 
3667,585,778,0 
3668,518,505,0 
3669,518,942,0 
3670,518,86,1 
3671,518,391,0 
3672,505,903,0 
3673,505,656,0 
3674,505,141,0 
3675,505,306,0 
3676,899,614,0 
3677,899,809,0 
3678,899,873,0 
3679,899,645,0 
3680,899,258,0 
3681,899,429,0 
3682,899,596,0 
3683,993,848,0 
3684,993,155,0 
3685,993,827,0 
3686,993,276,3 
3687,993,461,1 
3688,490,255,0 
3689,490,862,0 
3690,490,657,0 
3691,490,2,4 
3692,490,157,0 
3693,490,356,0 
3694,337,757,0 
3695,337,787,0 
3696,337,103,0 
3697,337,905,0 
3698,337,557,3 
3699,337,101,2 
3700,337,520,2 
3701,614,465,0 
3702,614,387,0 
3703,614,291,0 
3704,614,551,0 
3705,614,146,0 
3706,614,185,0 
3707,614,5,0 
3708,614,224,0 
3709,614,592,2 
3710,920,502,1 
3711,920,961,0 
3712,920,143,6 
3713,920,493,4 
3714,502,391,0 
3715,502,384,0 
3716,502,541,0 
3717,502,698,2 
3718,502,122,1 
3719,51,610,0 
3720,51,680,0 
3721,51,604,1 
3722,51,650,2 
3723,509,301,0 
3724,509,644,0 
3725,509,218,1 
3726,509,819,0 
3727,509,823,2 
3728,100,790,0 
3729,100,105,0 
3730,100,559,1 
3731,100,842,4 
3732,100,152,9 
3733,100,348,0 
3734,670,487,0 
3735,670,613,0 
3736,670,417,0 
3737,670,15,0 
3738,670,336,0 
3739,670,422,2 
3740,670,661,2 
3741,670,198,9 
3742,487,316,0 
3743,487,449,0 
3744,487,740,0 
3745,487,551,3 
3746,487,185,0 
3747,823,121,0 
3748,823,819,0 
3749,823,178,0 
3750,823,232,0 
3751,823,2,2 
3752,823,717,2 
3753,759,495,0 
3754,759,761,0 
3755,759,587,0 
3756,759,780,0 
3757,759,21,0 
3758,759,972,0 
3759,759,742,0 
3760,759,230,0 
3761,759,290,0 
3762,759,772,0 
3763,759,120,1 
3764,495,170,0 
3765,495,638,0 
3766,495,855,0 
3767,495,113,0 
3768,495,592,0 
3769,495,415,0 
3770,267,706,0 
3771,267,172,0 
3772,267,95,0 
3773,267,283,1 
3774,267,400,3 
3775,267,335,0 
3776,332,462,0 
3777,332,95,0 
3778,332,129,0 
3779,332,181,0 
3780,332,648,0 
3781,332,857,2 
3782,332,686,0 
3783,332,344,1 
3784,332,275,8 
3785,462,442,0 
3786,462,767,0 
3787,462,544,0 
3788,462,813,0 
3789,462,109,0 
3790,462,217,0 
3791,462,830,2 
3792,601,952,0 
3793,601,965,0 
3794,601,982,0 
3795,601,988,0 
3796,601,865,0 
3797,601,986,0 
3798,601,272,0 
3799,749,446,0 
3800,749,931,0 
3801,749,982,0 
3802,749,284,0 
3803,749,856,0 
3804,749,702,0 
3805,749,681,0 
3806,749,942,4 
3807,749,926,5 
3808,345,309,0 
3809,345,666,0 
3810,345,664,0 
3811,345,627,0 
3812,345,790,0 
3813,345,724,0 
3814,345,251,1 
3815,924,79,0 
3816,924,723,0 
3817,924,334,0 
3818,924,18,2 
3819,924,430,8 
3820,390,774,0 
3821,390,854,0 
3822,390,334,0 
3823,390,979,0 
3824,390,51,0 
3825,390,931,0 
3826,390,392,0 
3827,817,621,1 
3828,817,265,0 
3829,817,865,0 
3830,817,105,0 
3831,817,240,2 
3832,817,723,0 
3833,817,312,9 
3834,860,58,4 
3835,860,718,1 
3836,368,30,0 
3837,368,185,0 
3838,368,203,0 
3839,368,608,3 
3840,368,165,5 
3841,368,554,6 
3842,30,142,0 
3843,30,791,9 
3844,249,962,0 
3845,249,910,0 
3846,249,287,0 
3847,249,817,0 
3848,249,908,2 
3849,249,144,1 
3850,190,561,0 
3851,190,670,0 
3852,190,675,0 
3853,190,63,0 
3854,190,107,0 
3855,190,994,0 
3856,745,537,0 
3857,745,656,0 
3858,745,80,0 
3859,745,382,4 
3860,745,818,1 
3861,258,506,0 
3862,258,211,0 
3863,258,375,0 
3864,258,689,0 
3865,258,622,1 
3866,506,646,0 
3867,506,614,0 
3868,506,522,0 
3869,506,3,0 
3870,506,715,0 
3871,506,846,0 
3872,506,453,0 
3873,506,673,1 
3874,469,762,0 
3875,469,740,0 
3876,469,133,0 
3877,469,409,0 
3878,469,496,0 
3879,469,74,0 
3880,469,280,0 
3881,469,433,5 
3882,762,48,0 
3883,762,955,0 
3884,762,684,0 
3885,762,80,2 
3886,762,263,8 
3887,762,541,1 
3888,762,473,1 
3889,538,619,0 
3890,538,281,0 
3891,538,212,0 
3892,538,340,0 
3893,538,736,0 
3894,538,522,0 
3895,538,727,0 
3896,538,677,2 
3897,538,779,0 
3898,538,938,4 
3899,619,591,0 
3900,619,480,0 
3901,619,637,0 
3902,619,580,0 
3903,292,2,5 
3904,292,238,0 
3905,292,474,0 
3906,292,486,0 
3907,292,956,0 
3908,292,479,0 
3909,292,260,0 
3910,292,58,0 
3911,292,528,0 
3912,292,577,0 
3913,292,635,0 
3914,292,351,0 
3915,273,2,1 
3916,273,35,0 
3917,273,48,0 
3918,273,183,0 
3919,273,611,0 
3920,273,596,6 
3921,403,742,0 
3922,403,834,0 
3923,403,309,0 
3924,403,651,0 
3925,403,276,0 
3926,403,74,6 
3927,48,702,0 
3928,48,929,0 
3929,48,850,1 
3930,48,591,0 
3931,48,917,0 
3932,48,379,1 
3933,48,533,5 
3934,702,306,0 
3935,702,640,1 
3936,702,141,3 
3937,820,324,0 
3938,820,512,0 
3939,820,88,0 
3940,820,828,1 
3941,820,385,3 
3942,820,757,1 
3943,324,545,0 
3944,324,235,1 
3945,324,442,1 
3946,157,498,0 
3947,157,543,0 
3948,157,406,1 
3949,157,741,3 
3950,673,904,10 
3951,673,199,6 
3952,139,351,0 
3953,139,605,0 
3954,139,292,0 
3955,139,950,1 
3956,139,83,0 
3957,139,282,5 
3958,351,154,0 
3959,351,840,0 
3960,351,487,0 
3961,351,158,0 
3962,351,980,0 
3963,351,623,0 
3964,351,890,3 
3965,351,986,8 
3966,351,474,9 
3967,351,799,3 
3968,488,478,0 
3969,488,298,0 
3970,488,730,5 
3971,488,39,0 
3972,488,123,1 
3973,488,928,4 
3974,488,317,4 
3975,488,763,1 
3976,478,159,0 
3977,478,876,0 
3978,478,749,0 
3979,478,512,1 
3980,478,681,1 
3981,478,422,9 
3982,203,99,0 
3983,203,37,0 
3984,203,773,0 
3985,203,431,4 
3986,339,537,0 
3987,339,489,0 
3988,339,535,0 
3989,339,668,0 
3990,339,465,0 
3991,944,534,4 
3992,944,36,3 
3993,944,108,1 
3994,944,921,10 
3995,944,705,9 
3996,626,751,0 
3997,626,385,0 
3998,626,589,0 
3999,626,473,0 
4000,626,262,6 
4001,862,706,0 
4002,862,266,0 
4003,862,281,0 
4004,862,492,0 
4005,862,446,0 
4006,862,913,0 
4007,862,291,2 
4008,862,180,1 
4009,875,448,0 
4010,875,37,0 
4011,875,497,0 
4012,875,213,0 
4013,875,151,0 
4014,875,417,0 
4015,875,254,0 
4016,875,267,1 
4017,448,499,0 
4018,448,966,0 
4019,448,197,0 
4020,448,610,0 
4021,448,479,5 
4022,382,346,0 
4023,382,361,0 
4024,382,488,4 
4025,382,100,1 
4026,382,199,3 
4027,846,136,0 
4028,846,980,0 
4029,846,165,0 
4030,846,713,0 
4031,846,496,0 
4032,846,613,1 
4033,846,500,0 
4034,846,990,1 
4035,524,570,0 
4036,524,419,0 
4037,524,318,0 
4038,524,191,0 
4039,524,207,0 
4040,524,595,0 
4041,524,39,0 
4042,524,748,1 
4043,524,934,5 
4044,154,780,0 
4045,154,103,0 
4046,154,363,0 
4047,154,531,0 
4048,154,58,0 
4049,154,298,0 
4050,154,456,0 
4051,426,783,0 
4052,426,954,0 
4053,426,925,0 
4054,426,186,6 
4055,426,118,1 
4056,824,977,0 
4057,824,797,0 
4058,824,8,0 
4059,824,55,0 
4060,824,765,0 
4061,824,820,0 
4062,824,456,1 
4063,233,46,0 
4064,233,856,0 
4065,233,933,0 
4066,233,48,0 
4067,233,705,3 
4068,233,781,5 
4069,343,412,0 
4070,343,641,0 
4071,343,139,0 
4072,343,974,0 
4073,343,86,0 
4074,343,760,0 
4075,343,226,0 
4076,690,635,0 
4077,690,210,5 
4078,690,636,1 
4079,690,316,4 
4080,690,578,0 
4081,635,474,0 
4082,635,922,2 
4083,635,956,0 
4084,635,663,0 
4085,635,35,0 
4086,635,63,2 
4087,635,551,0 
4088,635,867,1 
4089,635,651,4 
4090,750,593,0 
4091,750,882,0 
4092,750,16,1 
4093,750,514,9 
4094,465,596,0 
4095,465,827,0 
4096,465,669,0 
4097,465,922,0 
4098,465,502,0 
4099,465,847,1 
4100,465,401,4 
4101,419,642,0 
4102,419,870,0 
4103,419,994,0 
4104,419,647,0 
4105,419,43,0 
4106,419,106,2 
4107,542,908,0 
4108,542,351,0 
4109,542,184,0 
4110,542,577,0 
4111,542,584,0 
4112,542,422,0 
4113,542,153,0 
4114,542,959,0 
4115,542,667,3 
4116,391,29,0 
4117,391,91,0 
4118,391,679,0 
4119,391,538,0 
4120,391,122,0 
4121,391,309,4 
4122,391,964,3 
4123,29,687,0 
4124,29,558,0 
4125,29,819,0 
4126,29,316,0 
4127,29,914,3 
4128,106,982,0 
4129,106,127,0 
4130,106,107,0 
4131,106,702,0 
4132,106,337,1 
4133,106,989,2 
4134,106,164,7 
4135,106,578,0 
4136,773,253,0 
4137,773,720,0 
4138,773,416,1 
4139,773,728,4 
4140,210,384,0 
4141,210,558,0 
4142,210,7,0 
4143,210,619,0 
4144,210,206,0 
4145,210,825,0 
4146,210,33,0 
4147,210,32,0 
4148,210,710,1 
4149,210,740,4 
4150,384,134,3 
4151,384,461,3 
4152,384,70,0 
4153,384,179,3 
4154,384,167,9 
4155,384,306,2 
4156,833,807,0 
4157,833,382,0 
4158,833,828,8 
4159,833,890,2 
4160,833,271,8 
4161,807,981,0 
4162,807,738,0 
4163,807,820,0 
4164,807,514,0 
4165,807,393,0 
4166,867,105,0 
4167,867,213,5 
4168,867,752,7 
4169,867,395,4 
4170,200,535,0 
4171,200,832,0 
4172,200,118,0 
4173,200,736,0 
4174,684,830,3 
4175,684,811,1 
4176,684,105,0 
4177,684,760,0 
4178,684,291,9 
4179,684,60,2 
4180,777,955,0 
4181,777,164,0 
4182,777,835,1 
4183,777,469,1 
4184,777,964,0 
4185,458,730,0 
4186,458,182,0 
4187,458,20,1 
4188,458,134,0 
4189,458,351,5 
4190,458,443,1 
4191,730,78,0 
4192,730,819,0 
4193,730,790,0 
4194,730,962,0 
4195,730,379,0 
4196,730,579,0 
4197,730,134,2 
4198,730,945,0 
4199,730,708,6 
4200,388,165,0 
4201,388,487,0 
4202,388,892,0 
4203,388,118,0 
4204,388,176,0 
4205,388,876,0 
4206,95,690,0 
4207,95,863,0 
4208,95,899,0 
4209,95,729,0 
4210,95,399,0 
4211,95,517,0 
4212,95,145,0 
4213,95,571,0 
4214,95,48,0 
4215,95,17,0 
4216,95,420,1 
4217,95,79,0 
4218,49,354,0 
4219,49,160,0 
4220,49,360,0 
4221,188,385,0 
4222,188,296,0 
4223,188,769,3 
4224,188,94,2 
4225,188,199,4 
4226,612,278,0 
4227,612,336,0 
4228,612,571,0 
4229,612,801,2 
4230,612,955,2 
4231,307,283,0 
4232,307,252,0 
4233,307,755,1 
4234,307,167,0 
4235,283,219,0 
4236,283,650,0 
4237,283,72,0 
4238,283,834,1 
4239,283,361,6 
4240,703,626,0 
4241,703,456,0 
4242,703,887,0 
4243,703,299,0 
4244,909,812,0 
4245,909,239,0 
4246,909,207,0 
4247,909,854,0 
4248,909,193,0 
4249,909,750,0 
4250,909,127,2 
4251,812,948,0 
4252,812,558,0 
4253,812,209,0 
4254,812,319,0 
4255,812,182,0 
4256,812,252,0 
4257,812,814,0 
4258,812,538,0 
4259,812,758,0 
4260,812,25,0 
4261,812,583,2 
4262,812,60,0 
4263,327,501,0 
4264,327,253,0 
4265,327,414,3 
4266,327,853,1 
4267,327,167,0 
4268,327,960,0 
4269,327,604,0 
4270,327,840,5 
4271,10,318,1 
4272,10,929,0 
4273,10,893,0 
4274,10,817,0 
4275,10,475,0 
4276,10,51,1 
4277,10,177,6 
4278,715,743,0 
4279,715,873,0 
4280,715,374,0 
4281,715,11,0 
4282,715,254,0 
4283,715,784,0 
4284,715,191,3 
4285,383,384,0 
4286,383,764,0 
4287,383,25,0 
4288,383,624,5 
4289,383,246,4 
4290,259,133,0 
4291,259,891,0 
4292,259,801,0 
4293,259,736,0 
4294,259,331,0 
4295,259,251,0 
4296,927,667,0 
4297,927,811,3 
4298,927,858,4 
4299,504,650,0 
4300,504,136,0 
4301,504,967,0 
4302,504,257,0 
4303,504,304,0 
4304,504,357,3 
4305,78,760,0 
4306,78,141,0 
4307,78,265,2 
4308,78,394,3 
4309,78,37,2 
4310,78,578,8 
4311,78,541,2 
4312,78,193,0 
4313,540,267,0 
4314,540,875,0 
4315,540,612,0 
4316,540,325,0 
4317,540,493,0 
4318,540,166,1 
4319,540,141,0 
4320,540,37,0 
4321,540,239,0 
4322,428,515,0 
4323,428,236,0 
4324,428,636,0 
4325,428,935,0 
4326,428,582,2 
4327,428,189,10 
4328,842,954,0 
4329,842,978,0 
4330,842,708,0 
4331,842,663,0 
4332,842,860,1 
4333,842,222,5 
4334,842,642,4 
4335,519,483,0 
4336,519,666,0 
4337,519,207,0 
4338,519,280,0 
4339,519,502,0 
4340,519,738,0 
4341,519,265,0 
4342,127,398,0 
4343,127,365,0 
4344,127,723,0 
4345,127,394,1 
4346,127,762,0 
4347,127,743,2 
4348,305,273,0 
4349,305,433,0 
4350,305,265,0 
4351,305,1000,0 
4352,305,919,0 
4353,305,356,0 
4354,305,330,1 
4355,305,710,4 
4356,305,924,10 
4357,341,37,1 
4358,341,70,10 
4359,341,798,6 
4360,341,158,6 
4361,341,964,8 
4362,713,432,0 
4363,713,902,0 
4364,713,737,0 
4365,713,996,0 
4366,557,817,0 
4367,557,230,0 
4368,557,916,0 
4369,557,356,0 
4370,557,782,0 
4371,557,312,0 
4372,557,360,4 
4373,603,866,0 
4374,603,2,0 
4375,603,485,0 
4376,603,277,0 
4377,603,375,0 
4378,603,995,0 
4379,603,270,0 
4380,603,36,0 
4381,603,612,0 
4382,603,810,0 
4383,603,904,0 
4384,866,277,0 
4385,866,615,0 
4386,866,56,4 
4387,254,466,6 
4388,254,535,7 
4389,254,141,0 
4390,254,2,8 
4391,130,703,0 
4392,130,382,4 
4393,130,205,6 
4394,242,16,0 
4395,242,269,0 
4396,242,44,0 
4397,242,112,0 
4398,242,573,0 
4399,242,636,5 
4400,16,840,0 
4401,16,487,0 
4402,16,33,0 
4403,16,72,0 
4404,16,164,0 
4405,16,883,0 
4406,16,480,0 
4407,16,638,4 
4408,854,538,0 
4409,854,33,0 
4410,854,174,0 
4411,854,440,0 
4412,854,603,0 
4413,854,521,0 
4414,895,374,0 
4415,895,516,0 
4416,895,881,0 
4417,895,626,0 
4418,895,987,2 
4419,125,609,0 
4420,125,547,0 
4421,125,652,0 
4422,125,714,0 
4423,125,986,0 
4424,125,717,0 
4425,125,454,0 
4426,125,367,0 
4427,125,370,0 
4428,125,615,0 
4429,125,946,0 
4430,609,48,0 
4431,609,570,0 
4432,609,969,0 
4433,609,336,0 
4434,609,140,1 
4435,472,837,0 
4436,472,50,0 
4437,472,273,0 
4438,472,693,0 
4439,472,444,0 
4440,472,196,0 
4441,472,601,0 
4442,472,654,1 
4443,837,169,0 
4444,837,523,1 
4445,837,531,5 
4446,41,762,0 
4447,41,602,0 
4448,41,661,0 
4449,41,917,0 
4450,41,792,0 
4451,41,250,1 
4452,144,2,6 
4453,144,800,0 
4454,144,384,0 
4455,144,739,0 
4456,144,340,0 
4457,144,538,0 
4458,144,396,1 
4459,144,702,0 
4460,153,496,0 
4461,153,66,0 
4462,153,221,0 
4463,153,594,0 
4464,153,2,0 
4465,153,603,0 
4466,153,781,0 
4467,496,971,0 
4468,496,65,0 
4469,496,950,0 
4470,496,437,0 
4471,55,136,0 
4472,55,230,0 
4473,55,782,0 
4474,55,249,0 
4475,55,443,0 
4476,55,472,0 
4477,55,775,0 
4478,55,854,0 
4479,55,276,0 
4480,55,397,0 
4481,55,337,6 
4482,136,875,1 
4483,136,428,1 
4484,136,772,1 
4485,136,944,4 
4486,740,853,0 
4487,740,141,0 
4488,740,880,2 
4489,740,60,0 
4490,740,28,0 
4491,740,733,5 
4492,439,386,0 
4493,439,456,0 
4494,439,729,0 
4495,439,302,0 
4496,439,891,0 
4497,439,453,0 
4498,439,428,2 
4499,439,219,7 
4500,439,311,2 
4501,385,841,0 
4502,385,692,0 
4503,385,100,3 
4504,385,261,5 
4505,342,543,0 
4506,342,85,0 
4507,342,275,2 
4508,342,653,1 
4509,543,636,0 
4510,543,368,2 
4511,543,853,0 
4512,543,379,1 
4513,543,35,0 
4514,543,384,2 
4515,543,527,7 
4516,932,2,10 
4517,932,734,0 
4518,932,426,0 
4519,932,727,0 
4520,932,629,0 
4521,932,353,0 
4522,932,788,0 
4523,682,76,0 
4524,682,316,0 
4525,682,645,0 
4526,682,354,0 
4527,682,125,0 
4528,682,146,0 
4529,682,464,0 
4530,682,718,0 
4531,682,879,0 
4532,421,934,0 
4533,421,499,0 
4534,421,538,0 
4535,421,970,0 
4536,421,79,0 
4537,421,937,0 
4538,787,938,0 
4539,787,71,0 
4540,787,581,0 
4541,787,784,0 
4542,787,214,0 
4543,787,167,0 
4544,787,376,0 
4545,787,208,4 
4546,787,282,4 
4547,787,950,7 
4548,311,708,0 
4549,311,73,0 
4550,311,74,0 
4551,311,542,3 
4552,311,203,4 
4553,311,930,4 
4554,289,682,0 
4555,289,530,0 
4556,289,381,0 
4557,289,674,0 
4558,289,548,0 
4559,289,416,0 
4560,522,265,0 
4561,522,2,3 
4562,522,578,0 
4563,522,37,2 
4564,522,310,3 
4565,522,797,3 
4566,522,341,7 
4567,963,651,0 
4568,963,33,0 
4569,963,594,0 
4570,963,980,0 
4571,963,384,1 
4572,963,743,6 
4573,416,599,0 
4574,416,400,0 
4575,416,998,0 
4576,416,502,2 
4577,416,80,2 
4578,416,798,1 
4579,563,642,1 
4580,563,766,2 
4581,563,991,0 
4582,563,2,3 
4583,988,87,0 
4584,988,74,0 
4585,988,110,0 
4586,988,102,0 
4587,988,193,0 
4588,988,184,0 
4589,988,221,3 
4590,344,145,0 
4591,344,906,0 
4592,344,776,0 
4593,344,59,0 
4594,344,720,0 
4595,344,898,0 
4596,344,2,2 
4597,344,804,0 
4598,50,646,0 
4599,50,349,0 
4600,50,928,1 
4601,50,672,7 
4602,162,257,0 
4603,162,73,0 
4604,162,458,0 
4605,162,956,0 
4606,162,191,0 
4607,162,577,1 
4608,801,688,0 
4609,801,321,0 
4610,801,501,0 
4611,801,105,0 
4612,801,985,3 
4613,801,330,0 
4614,405,126,0 
4615,405,204,0 
4616,405,599,0 
4617,491,272,0 
4618,491,691,0 
4619,491,545,0 
4620,491,607,0 
4621,491,65,0 
4622,491,310,0 
4623,491,849,3 
4624,491,40,1 
4625,226,982,0 
4626,226,441,0 
4627,226,409,0 
4628,226,768,0 
4629,226,422,0 
4630,226,138,0 
4631,226,45,0 
4632,832,634,0 
4633,832,611,0 
4634,832,210,0 
4635,832,384,0 
4636,832,331,0 
4637,832,563,3 
4638,832,627,1 
4639,234,163,0 
4640,234,358,0 
4641,234,139,4 
4642,234,752,3 
4643,132,928,0 
4644,132,195,0 
4645,132,975,0 
4646,132,607,0 
4647,132,654,0 
4648,192,618,0 
4649,192,955,0 
4650,192,2,1 
4651,192,49,0 
4652,192,732,0 
4653,192,25,0 
4654,192,119,0 
4655,788,999,0 
4656,788,838,0 
4657,788,985,0 
4658,788,152,0 
4659,788,804,4 
4660,999,869,0 
4661,999,527,0 
4662,999,510,0 
4663,999,549,0 
4664,999,361,2 
4665,109,775,0 
4666,109,481,0 
4667,109,483,0 
4668,109,977,0 
4669,109,204,0 
4670,109,213,1 
4671,109,462,2 
4672,775,830,0 
4673,775,903,0 
4674,775,921,0 
4675,775,269,0 
4676,775,626,0 
4677,775,909,1 
4678,775,722,2 
4679,775,155,3 
4680,176,857,0 
4681,176,697,0 
4682,176,94,0 
4683,176,836,0 
4684,176,744,0 
4685,176,320,0 
4686,176,305,0 
4687,176,338,0 
4688,333,224,0 
4689,333,730,0 
4690,333,160,0 
4691,333,28,0 
4692,333,920,5 
4693,333,39,0 
4694,333,758,8 
4695,545,371,0 
4696,545,876,0 
4697,545,520,0 
4698,545,564,0 
4699,545,205,0 
4700,545,811,0 
4701,371,890,0 
4702,371,300,0 
4703,371,998,6 
4704,371,891,9 
4705,809,888,0 
4706,809,180,0 
4707,809,283,0 
4708,809,800,0 
4709,809,835,0 
4710,809,993,0 
4711,809,607,3 
4712,888,635,0 
4713,888,623,0 
4714,148,423,0 
4715,148,194,0 
4716,148,42,0 
4717,148,442,2 
4718,667,279,0 
4719,667,500,0 
4720,667,906,0 
4721,667,352,0 
4722,667,685,2 
4723,667,314,6 
4724,279,610,0 
4725,279,798,0 
4726,279,500,0 
4727,279,39,0 
4728,279,844,6 
4729,606,22,0 
4730,606,824,0 
4731,606,104,0 
4732,606,359,0 
4733,606,993,0 
4734,606,591,0 
4735,606,211,1 
4736,606,784,3 
4737,606,891,1 
4738,606,957,2 
4739,873,35,0 
4740,873,2,5 
4741,873,265,0 
4742,873,760,0 
4743,873,903,0 
4744,873,158,0 
4745,873,702,0 
4746,957,619,0 
4747,957,787,0 
4748,957,242,0 
4749,957,229,0 
4750,957,764,0 
4751,957,871,0 
4752,957,289,0 
4753,957,512,2 
4754,175,506,0 
4755,175,566,1 
4756,175,311,0 
4757,433,532,0 
4758,433,145,0 
4759,433,304,7 
4760,977,551,0 
4761,977,364,0 
4762,977,18,4 
4763,977,398,4 
4764,977,151,1 
4765,977,631,2 
4766,945,551,5 
4767,945,848,5 
4768,945,146,1 
4769,945,726,1 
4770,945,501,0 
4771,945,903,2 
4772,945,70,3 
4773,394,258,1 
4774,394,232,0 
4775,394,541,0 
4776,394,731,0 
4777,394,2,5 
4778,394,177,4 
4779,394,798,4 
4780,394,37,0 
4781,394,501,3 
4782,394,991,5 
4783,700,118,0 
4784,700,972,0 
4785,700,600,0 
4786,700,325,0 
4787,700,395,0 
4788,700,476,0 
4789,700,615,0 
4790,700,12,0 
4791,700,64,0 
4792,700,385,0 
4793,700,857,0 
4794,658,22,4 
4795,300,337,0 
4796,300,43,0 
4797,300,880,0 
4798,300,775,0 
4799,744,851,0 
4800,744,978,0 
4801,744,474,0 
4802,744,319,0 
4803,744,13,0 
4804,744,707,3 
4805,375,751,0 
4806,375,72,0 
4807,375,169,0 
4808,375,507,4 
4809,437,117,0 
4810,437,388,0 
4811,437,973,0 
4812,437,906,0 
4813,437,63,0 
4814,852,276,0 
4815,852,912,0 
4816,852,929,0 
4817,852,2,2 
4818,852,567,0 
4819,852,736,5 
4820,852,212,4 
4821,917,758,2 
4822,917,990,7 
4823,917,28,1 
4824,917,522,7 
4825,593,429,0 
4826,593,520,0 
4827,593,721,0 
4828,593,342,0 
4829,593,631,0 
4830,593,486,0 
4831,593,532,0 
4832,593,64,0 
4833,229,145,0 
4834,229,875,0 
4835,229,322,1 
4836,229,16,1 
4837,229,852,3 
4838,88,235,0 
4839,88,553,0 
4840,88,541,0 
4841,88,547,0 
4842,984,61,0 
4843,984,181,3 
4844,984,610,0 
4845,984,929,0 
4846,984,335,0 
4847,984,538,5 
4848,622,358,0 
4849,622,461,0 
4850,622,986,0 
4851,622,925,0 
4852,622,748,0 
4853,622,186,0 
4854,622,457,0 
4855,622,845,0 
4856,622,504,1 
4857,44,279,0 
4858,44,851,0 
4859,44,398,0 
4860,44,536,0 
4861,44,452,0 
4862,44,301,0 
4863,44,666,0 
4864,44,224,0 
4865,44,595,2 
4866,804,439,0 
4867,804,96,0 
4868,804,28,0 
4869,804,534,0 
4870,804,913,1 
4871,804,521,4 
4872,135,889,0 
4873,135,551,0 
4874,135,908,0 
4875,135,488,0 
4876,135,272,0 
4877,455,432,0 
4878,455,356,0 
4879,455,162,0 
4880,455,669,0 
4881,455,965,0 
4882,455,9,0 
4883,455,5,0 
4884,455,66,4 
4885,455,960,0 
4886,581,777,0 
4887,581,704,0 
4888,581,224,0 
4889,427,940,0 
4890,427,173,0 
4891,427,198,0 
4892,719,839,0 
4893,719,788,0 
4894,719,855,0 
4895,719,115,1 
4896,719,911,2 
4897,719,477,2 
4898,976,733,0 
4899,976,648,0 
4900,976,734,7 
4901,976,561,3 
4902,530,38,0 
4903,530,134,0 
4904,530,682,0 
4905,530,259,0 
4906,530,647,3 
4907,530,338,1 
4908,38,748,0 
4909,38,485,0 
4910,38,876,1 
4911,38,326,0 
4912,38,718,0 
4913,38,158,0 
4914,38,651,0 
4915,38,76,2 
4916,631,285,0 
4917,631,259,0 
4918,631,42,1 
4919,631,54,1 
4920,631,842,0 
4921,285,96,1 
4922,285,591,0 
4923,285,111,4 
4924,285,527,4 
4925,404,826,0 
4926,404,393,0 
4927,404,80,0 
4928,404,439,0 
4929,404,779,0 
4930,404,767,0 
4931,404,244,0 
4932,896,728,0 
4933,896,579,0 
4934,896,614,0 
4935,896,164,0 
4936,896,494,1 
4937,896,464,3 
4938,893,578,0 
4939,893,199,0 
4940,893,749,6 
4941,893,594,0 
4942,893,892,5 
4943,893,666,2 
4944,160,72,0 
4945,160,955,1 
4946,160,627,0 
4947,160,996,10 
4948,160,232,3 
4949,160,792,1 
4950,256,996,0 
4951,256,947,0 
4952,256,277,0 
4953,256,883,0 
4954,256,984,0 
4955,256,153,0 
4956,256,177,0 
4957,256,337,0 
4958,996,698,0 
4959,996,919,1 
4960,996,1000,9 
4961,698,499,0 
4962,698,908,0 
4963,698,842,3 
4964,698,206,8 
4965,186,93,0 
4966,186,846,0 
4967,186,10,1 
4968,186,58,1 
4969,186,989,3 
4970,186,765,1 
4971,701,393,0 
4972,701,277,0 
4973,701,2,7 
4974,701,151,0 
4975,701,929,0 
4976,701,452,0 
4977,861,524,0 
4978,861,398,0 
4979,861,335,0 
4980,861,144,0 
4981,861,978,0 
4982,861,726,0 
4983,861,55,1 
4984,861,228,2 
4985,211,400,0 
4986,211,552,0 
4987,211,222,0 
4988,211,837,0 
4989,211,2,1 
4990,211,358,0 
4991,211,301,0 
4992,211,857,0 
4993,828,535,0 
4994,828,339,0 
4995,828,202,0 
4996,828,772,0 
4997,828,623,2 
4998,828,2,7 
4999,828,378,0 
5000,813,709,0 
5001,813,194,0 
5002,813,610,0 
5003,813,782,0 
5004,813,77,0 
5005,813,343,0 
5006,813,219,0 
5007,813,832,0 
5008,709,611,0 
5009,709,409,0 
5010,709,642,0 
5011,709,588,0 
5012,709,963,0 
5013,709,865,0 
5014,709,55,0 
5015,709,907,1 
5016,709,728,2 
5017,795,870,1 
5018,795,942,2 
5019,304,467,0 
5020,304,690,0 
5021,304,930,0 
5022,304,599,5 
5023,304,465,3 
5024,712,2,4 
5025,712,657,2 
5026,712,161,1 
5027,568,313,0 
5028,568,396,0 
5029,568,393,8 
5030,568,57,8 
5031,467,733,0 
5032,467,652,0 
5033,467,850,0 
5034,467,752,0 
5035,467,742,2 
5036,467,576,0 
5037,769,492,0 
5038,769,236,0 
5039,769,643,3 
5040,769,371,8 
5041,769,625,2 
5042,492,990,0 
5043,492,324,0 
5044,492,721,0 
5045,732,699,0 
5046,732,805,0 
5047,732,29,1 
5048,732,795,3 
5049,556,450,0 
5050,556,949,0 
5051,556,436,0 
5052,556,814,0 
5053,556,888,0 
5054,556,664,0 
5055,556,300,0 
5056,556,137,0 
5057,556,904,0 
5058,450,476,0 
5059,450,115,0 
5060,834,784,0 
5061,834,939,0 
5062,834,603,0 
5063,834,747,0 
5064,834,937,0 
5065,834,73,4 
5066,863,295,0 
5067,863,470,3 
5068,863,185,3 
5069,514,71,0 
5070,514,499,0 
5071,514,328,1 
5072,514,572,2 
5073,514,902,6 
5074,503,19,0 
5075,503,303,0 
5076,503,744,3 
5077,503,721,4 
5078,142,2,0 
5079,142,734,0 
5080,142,791,0 
5081,142,759,0 
5082,142,46,0 
5083,286,784,0 
5084,286,154,0 
5085,286,789,0 
5086,286,539,0 
5087,286,994,0 
5088,286,894,0 
5089,286,974,1 
5090,194,295,1 
5091,194,687,1 
5092,194,499,6 
5093,884,722,0 
5094,884,68,8 
5095,884,915,3 
5096,806,657,0 
5097,806,636,1 
5098,806,373,2 
5099,806,302,7 
5100,806,323,10 
5101,657,139,0 
5102,657,1000,0 
5103,657,463,0 
5104,657,918,0 
5105,657,654,0 
5106,657,876,0 
5107,657,942,0 
5108,657,278,0 
5109,657,32,0 
5110,657,328,2 
5111,23,419,0 
5112,23,194,0 
5113,23,371,4 
5114,23,558,10 
5115,637,736,1 
5116,637,139,2 
5117,637,762,3 
5118,399,270,0 
5119,399,853,0 
5120,399,257,1 
5121,399,738,2 
5122,399,640,0 
5123,270,15,1 
5124,270,929,0 
5125,270,535,4 
5126,270,755,2 
5127,64,461,0 
5128,64,231,0 
5129,64,770,9 
5130,64,301,1 
5131,64,35,4 
5132,461,825,0 
5133,461,604,0 
5134,461,802,3 
5135,461,453,7 
5136,396,638,0 
5137,396,15,0 
5138,396,5,0 
5139,396,917,0 
5140,396,493,0 
5141,396,937,2 
5142,251,610,0 
5143,251,760,0 
5144,251,893,7 
5145,251,577,7 
5146,380,427,0 
5147,380,13,0 
5148,380,212,0 
5149,380,412,0 
5150,223,831,0 
5151,223,885,0 
5152,223,121,0 
5153,223,353,0 
5154,223,327,0 
5155,223,374,1 
5156,223,1000,0 
5157,223,234,4 
5158,831,94,0 
5159,831,980,0 
5160,831,89,0 
5161,831,92,0 
5162,831,845,2 
5163,19,909,0 
5164,19,713,0 
5165,19,705,0 
5166,19,116,0 
5167,19,412,8 
5168,66,198,0 
5169,66,620,0 
5170,66,760,0 
5171,66,373,0 
5172,66,443,1 
5173,66,253,1 
5174,66,33,4 
5175,66,333,4 
5176,198,691,0 
5177,198,55,0 
5178,198,817,0 
5179,198,409,0 
5180,198,150,6 
5181,198,911,1 
5182,198,560,2 
5183,711,170,0 
5184,711,605,0 
5185,711,192,0 
5186,711,687,0 
5187,711,557,0 
5188,711,195,0 
5189,711,266,3 
5190,711,423,4 
5191,43,385,0 
5192,43,460,0 
5193,43,287,0 
5194,43,516,0 
5195,43,751,0 
5196,43,426,0 
5197,43,2,3 
5198,980,311,1 
5199,980,696,8 
5200,980,568,4 
5201,980,651,8 
5202,534,444,0 
5203,534,256,0 
5204,534,715,0 
5205,534,188,4 
5206,84,239,0 
5207,84,86,0 
5208,84,509,0 
5209,84,633,0 
5210,84,641,0 
5211,84,581,0 
5212,84,542,0 
5213,84,933,0 
5214,31,865,0 
5215,31,79,0 
5216,31,665,4 
5217,31,931,3 
5218,31,124,4 
5219,695,215,0 
5220,695,61,0 
5221,695,932,1 
5222,695,562,4 
5223,859,53,1 
5224,859,193,0 
5225,859,651,0 
5226,859,646,5 
5227,859,23,3 
5228,859,253,1 
5229,691,388,0 
5230,691,421,0 
5231,691,900,0 
5232,691,405,0 
5233,691,382,0 
5234,691,477,0 
5235,691,93,0 
5236,726,303,2 
5237,726,522,0 
5238,726,7,6 
5239,726,579,5 
5240,726,265,0 
5241,299,586,0 
5242,299,491,0 
5243,299,98,0 
5244,299,993,0 
5245,299,642,0 
5246,299,335,0 
5247,299,557,0 
5248,299,551,0 
5249,299,506,0 
5250,299,716,1 
5251,355,485,0 
5252,355,94,0 
5253,355,113,0 
5254,355,260,0 
5255,355,41,0 
5256,355,215,0 
5257,355,297,0 
5258,355,184,0 
5259,355,447,0 
5260,85,22,0 
5261,85,82,0 
5262,85,624,0 
5263,85,957,0 
5264,85,595,0 
5265,725,413,0 
5266,725,441,0 
5267,725,56,0 
5268,725,317,0 
5269,725,26,0 
5270,725,281,0 
5271,725,708,0 
5272,725,147,8 
5273,413,255,0 
5274,413,595,0 
5275,413,175,0 
5276,413,57,0 
5277,413,41,0 
5278,413,340,0 
5279,413,73,2 
5280,802,405,0 
5281,802,403,0 
5282,802,773,0 
5283,802,2,4 
5284,802,975,0 
5285,266,712,0 
5286,266,477,0 
5287,266,50,0 
5288,266,855,7 
5289,94,543,0 
5290,94,434,0 
5291,94,766,0 
5292,94,654,0 
5293,94,266,0 
5294,94,757,0 
5295,94,378,2 
5296,159,581,0 
5297,159,636,0 
5298,159,799,0 
5299,159,407,0 
5300,159,918,0 
5301,108,79,0 
5302,108,450,0 
5303,108,769,0 
5304,108,734,0 
5305,108,98,0 
5306,108,290,1 
5307,287,668,0 
5308,287,248,0 
5309,287,935,0 
5310,287,303,0 
5311,287,269,0 
5312,287,945,2 
5313,620,633,0 
5314,620,208,0 
5315,620,919,0 
5316,620,879,0 
5317,620,552,1 
5318,620,232,0 
5319,620,671,3 
5320,675,664,0 
5321,675,110,0 
5322,675,848,0 
5323,675,569,0 
5324,675,555,0 
5325,675,692,0 
5326,675,111,1 
5327,675,294,5 
5328,664,888,0 
5329,664,381,0 
5330,664,814,0 
5331,664,481,0 
5332,664,857,0 
5333,664,923,0 
5334,628,333,0 
5335,628,165,0 
5336,628,196,0 
5337,628,646,3 
5338,628,247,6 
5339,628,228,1 
5340,628,36,3 
5341,689,661,0 
5342,689,475,0 
5343,689,319,0 
5344,689,572,0 
5345,689,845,1 
5346,689,27,4 
5347,661,79,1 
5348,661,643,2 
5349,661,482,8 
5350,457,685,0 
5351,457,283,1 
5352,457,736,0 
5353,457,917,3 
5354,457,977,5 
5355,705,396,0 
5356,705,635,0 
5357,705,905,0 
5358,705,460,0 
5359,705,581,0 
5360,705,64,1 
5361,705,83,2 
5362,705,686,6 
5363,705,243,5 
5364,705,401,8 
5365,364,483,0 
5366,364,983,0 
5367,364,59,0 
5368,364,279,1 
5369,364,474,0 
5370,364,720,1 
5371,364,407,0 
5372,364,67,1 
5373,364,610,3 
5374,364,798,2 
5375,367,262,0 
5376,367,42,0 
5377,367,529,0 
5378,367,453,0 
5379,367,50,0 
5380,367,618,0 
5381,367,22,0 
5382,907,894,0 
5383,907,423,0 
5384,907,98,0 
5385,907,3,1 
5386,907,233,3 
5387,907,63,3 
5388,155,240,0 
5389,155,841,3 
5390,155,31,3 
5391,74,893,1 
5392,74,906,2 
5393,74,853,5 
5394,74,640,0 
5395,74,341,5 
5396,74,30,5 
5397,74,291,2 
5398,74,543,7 
5399,768,903,0 
5400,768,750,0 
5401,768,960,0 
5402,768,698,1 
5403,768,75,6 
5404,326,348,2 
5405,326,193,0 
5406,326,604,0 
5407,326,785,1 
5408,326,219,5 
5409,950,663,0 
5410,950,83,0 
5411,950,21,1 
5412,950,891,6 
5413,950,60,5 
5414,950,500,0 
5415,950,28,1 
5416,552,198,0 
5417,552,550,0 
5418,552,757,1 
5419,552,219,0 
5420,349,897,0 
5421,349,971,0 
5422,349,255,0 
5423,349,821,0 
5424,349,150,0 
5425,349,612,0 
5426,349,30,0 
5427,349,213,0 
5428,349,12,0 
5429,349,540,1 
5430,349,55,5 
5431,420,954,1 
5432,420,527,0 
5433,420,791,0 
5434,420,477,3 
5435,881,310,0 
5436,881,800,0 
5437,881,603,0 
5438,881,164,0 
5439,881,818,0 
5440,881,28,0 
5441,881,677,0 
5442,881,373,0 
5443,634,264,0 
5444,634,747,0 
5445,634,431,0 
5446,634,929,1 
5447,634,973,10 
5448,901,116,0 
5449,901,62,0 
5450,901,915,2 
5451,901,315,1 
5452,901,224,4 
5453,858,369,0 
5454,858,477,2 
5455,858,614,2 
5456,921,267,0 
5457,921,172,0 
5458,921,739,0 
5459,921,212,1 
5460,921,515,7 
5461,921,130,10 
5462,156,413,0 
5463,156,669,1 
5464,156,953,2 
5465,156,848,4 
5466,156,563,1 
5467,263,704,0 
5468,263,178,0 
5469,263,525,0 
5470,263,530,4 
5471,263,889,7 
5472,263,793,0 
5473,263,990,2 
5474,161,365,1 
5475,161,285,1 
5476,532,610,0 
5477,532,384,0 
5478,532,28,0 
5479,532,223,0 
5480,532,180,0 
5481,331,159,0 
5482,331,114,0 
5483,331,626,0 
5484,331,964,0 
5485,331,560,0 
5486,331,167,9 
5487,331,741,1 
5488,331,204,0 
5489,275,825,0 
5490,275,997,0 
5491,275,841,0 
5492,275,367,0 
5493,275,952,0 
5494,275,425,0 
5495,275,786,1 
5496,275,634,7 
5497,275,862,3 
5498,849,147,0 
5499,849,316,0 
5500,849,282,0 
5501,849,507,0 
5502,849,278,0 
5503,849,468,1 
5504,849,863,2 
5505,356,2,5 
5506,356,551,0 
5507,356,941,2 
5508,356,776,2 
5509,918,731,0 
5510,918,861,0 
5511,918,123,0 
5512,918,991,0 
5513,918,307,1 
5514,918,656,8 
5515,839,971,5 
5516,839,233,5 
5517,183,755,0 
5518,183,316,0 
5519,183,220,0 
5520,183,493,0 
5521,183,537,0 
5522,741,102,2 
5523,741,326,1 
5524,741,949,7 
5525,779,283,3 
5526,779,892,3 
5527,779,929,4 
5528,779,15,5 
5529,164,991,5 
5530,164,260,1 
5531,164,74,6 
5532,164,651,7 
5533,164,763,4 
5534,965,635,0 
5535,965,53,0 
5536,965,147,0 
5537,965,684,0 
5538,965,497,0 
5539,965,830,1 
5540,317,759,0 
5541,317,369,1 
5542,317,733,0 
5543,317,425,5 
5544,317,841,1 
5545,317,927,7 
5546,317,22,7 
5547,480,992,0 
5548,480,98,0 
5549,480,151,0 
5550,480,955,0 
5551,480,635,1 
5552,480,780,7 
5553,992,146,0 
5554,992,906,0 
5555,992,966,0 
5556,114,254,0 
5557,114,42,0 
5558,114,740,0 
5559,114,377,0 
5560,114,163,0 
5561,114,284,3 
5562,1000,223,0 
5563,1000,374,0 
5564,1000,192,0 
5565,1000,851,3 
5566,1000,113,5 
5567,1000,499,1 
5568,845,152,0 
5569,845,214,0 
5570,845,127,0 
5571,845,647,0 
5572,845,897,0 
5573,845,775,0 
5574,845,116,0 
5575,845,875,0 
5576,845,641,0 
5577,845,395,0 
5578,845,814,3 
5579,577,819,1 
5580,577,28,0 
5581,577,966,0 
5582,577,196,5 
5583,577,873,2 
5584,666,542,0 
5585,666,489,3 
5586,173,266,0 
5587,173,479,0 
5588,173,465,0 
5589,173,155,0 
5590,173,254,0 
5591,173,672,0 
5592,173,639,0 
5593,173,573,0 
5594,644,101,0 
5595,644,763,0 
5596,644,438,0 
5597,644,389,6 
5598,644,392,6 
5599,101,31,0 
5600,101,2,2 
5601,101,491,0 
5602,101,850,0 
5603,101,636,0 
5604,101,451,0 
5605,101,33,0 
5606,791,439,1 
5607,791,975,10 
5608,290,449,0 
5609,290,903,1 
5610,639,533,0 
5611,639,831,0 
5612,639,289,0 
5613,639,696,0 
5614,639,25,0 
5615,639,849,0 
5616,668,434,0 
5617,668,849,0 
5618,668,679,0 
5619,668,89,0 
5620,408,946,0 
5621,408,206,0 
5622,408,464,0 
5623,408,429,3 
5624,281,985,0 
5625,281,974,0 
5626,281,145,0 
5627,281,176,0 
5628,281,862,0 
5629,281,74,0 
5630,281,144,0 
5631,281,443,0 
5632,771,246,0 
5633,771,580,0 
5634,771,986,0 
5635,771,344,1 
5636,771,393,2 
5637,232,250,10 
5638,232,313,3 
5639,232,578,2 
5640,232,301,1 
5641,931,381,0 
5642,931,920,0 
5643,931,716,0 
5644,931,134,0 
5645,931,771,0 
5646,931,271,0 
5647,931,883,1 
5648,931,873,2 
5649,56,1000,0 
5650,56,766,0 
5651,56,686,0 
5652,56,733,0 
5653,56,551,0 
5654,56,535,0 
5655,56,243,0 
5656,56,292,0 
5657,56,640,0 
5658,56,393,0 
5659,56,130,0 
5660,56,104,6 
5661,935,475,0 
5662,935,224,0 
5663,935,627,0 
5664,935,32,0 
5665,935,816,0 
5666,935,703,0 
5667,935,473,0 
5668,935,880,1 
5669,516,942,0 
5670,516,539,0 
5671,516,37,0 
5672,516,751,0 
5673,516,835,0 
5674,516,540,0 
5675,220,642,0 
5676,220,998,0 
5677,220,466,0 
5678,220,474,0 
5679,220,229,0 
5680,220,414,4 
5681,553,91,0 
5682,553,135,0 
5683,553,486,0 
5684,553,251,0 
5685,553,436,0 
5686,553,625,0 
5687,553,762,1 
5688,113,571,1 
5689,113,599,1 
5690,113,994,4 
5691,225,254,0 
5692,225,780,0 
5693,225,93,0 
5694,225,297,0 
5695,225,346,0 
5696,225,388,0 
5697,225,446,0 
5698,225,208,0 
5699,225,129,0 
5700,436,794,0 
5701,436,562,4 
5702,436,475,2 
5703,794,72,0 
5704,794,527,0 
5705,794,219,0 
5706,794,520,0 
5707,794,24,0 
5708,794,982,0 
5709,794,801,0 
5710,794,372,0 
5711,794,699,3 
5712,717,268,0 
5713,717,81,2 
5714,717,33,0 
5715,717,92,1 
5716,468,443,0 
5717,468,990,0 
5718,468,673,0 
5719,468,482,0 
5720,468,367,0 
5721,468,678,0 
5722,468,190,0 
5723,468,458,6 
5724,179,234,0 
5725,179,499,1 
5726,179,483,8 
5727,179,749,3 
5728,482,896,0 
5729,482,210,0 
5730,482,763,0 
5731,482,309,0 
5732,482,917,0 
5733,482,833,9 
5734,816,316,0 
5735,816,884,0 
5736,816,297,0 
5737,816,188,0 
5738,816,629,0 
5739,816,270,1 
5740,423,921,0 
5741,423,264,0 
5742,423,770,2 
5743,423,351,1 
5744,423,722,1 
5745,679,688,0 
5746,679,945,0 
5747,679,558,1 
5748,679,461,4 
5749,679,680,1 
5750,340,673,0 
5751,340,86,1 
5752,340,640,0 
5753,340,134,3 
5754,288,850,0 
5755,288,150,3 
5756,288,656,2 
5757,850,960,0 
5758,850,232,2 
5759,850,278,0 
5760,850,475,0 
5761,850,980,3 
5762,850,2,5 
5763,995,386,0 
5764,995,937,0 
5765,995,316,0 
5766,995,585,0 
5767,953,575,0 
5768,953,414,1 
5769,953,829,1 
5770,953,573,2 
5771,953,270,5 
5772,879,299,1 
5773,879,339,0 
5774,879,77,3 
5775,357,54,0 
5776,357,426,0 
5777,357,116,0 
5778,357,202,0 
5779,357,197,0 
5780,357,471,4 
5781,878,857,0 
5782,878,670,0 
5783,878,305,8 
5784,878,941,1 
5785,597,981,0 
5786,597,175,0 
5787,597,98,0 
5788,956,141,1 
5789,956,867,4 
5790,191,968,1 
5791,191,916,3 
5792,294,67,0 
5793,294,316,0 
5794,294,424,0 
5795,294,381,10 
5796,319,74,2 
5797,900,463,0 
5798,900,418,0 
5799,900,971,0 
5800,900,233,0 
5801,550,113,0 
5802,550,293,0 
5803,550,457,0 
5804,550,132,0 
5805,550,600,0 
5806,550,727,5 
5807,440,776,0 
5808,440,982,0 
5809,440,2,0 
5810,778,252,0 
5811,778,812,2 
5812,778,632,1 
5813,778,966,0 
5814,778,387,2 
5815,778,276,8 
5816,778,218,7 
5817,625,181,0 
5818,625,838,0 
5819,625,910,1 
5820,625,718,1 
5821,625,611,3 
5822,588,212,1 
5823,588,535,4 
5824,588,193,0 
5825,676,377,0 
5826,676,245,0 
5827,676,787,1 
5828,676,961,0 
5829,377,822,0 
5830,377,519,0 
5831,377,705,0 
5832,377,896,0 
5833,958,995,0 
5834,958,420,0 
5835,958,338,3 
5836,974,39,0 
5837,974,20,0 
5838,974,446,1 
5839,438,440,0 
5840,438,644,0 
5841,438,897,0 
5842,438,221,0 
5843,438,625,0 
5844,438,856,0 
5845,438,96,1 
5846,438,188,3 
5847,692,891,0 
5848,692,691,0 
5849,738,987,0 
5850,738,288,0 
5851,738,254,0 
5852,738,855,7 
5853,659,18,0 
5854,659,52,0 
5855,659,464,0 
5856,659,557,0 
5857,659,660,0 
5858,939,480,0 
5859,939,949,0 
5860,939,941,0 
5861,939,695,4 
5862,122,671,0 
5863,122,42,1 
5864,122,366,0 
5865,122,313,0 
5866,122,798,0 
5867,122,963,0 
5868,122,522,0 
5869,122,251,2 
5870,564,553,0 
5871,564,155,0 
5872,564,402,0 
5873,564,961,0 
5874,564,916,0 
5875,564,108,0 
5876,564,349,0 
5877,914,278,0 
5878,914,143,0 
5879,914,684,1 
5880,914,375,4 
5881,686,47,1 
5882,686,326,1 
5883,686,821,5 
5884,686,715,3 
5885,231,881,0 
5886,231,276,0 
5887,231,17,3 
5888,231,803,1 
5889,231,275,1 
5890,734,583,1 
5891,734,400,0 
5892,734,21,6 
5893,583,492,0 
5894,583,417,0 
5895,583,569,1 
5896,583,436,1 
5897,583,885,1 
5898,82,266,0 
5899,82,369,2 
5900,82,877,3 
5901,107,822,0 
5902,107,592,0 
5903,107,23,0 
5904,107,507,0 
5905,217,294,0 
5906,217,44,0 
5907,217,538,0 
5908,217,99,0 
5909,217,535,0 
5910,217,424,1 
5911,217,905,7 
5912,217,763,6 
5913,647,587,0 
5914,647,231,0 
5915,647,683,0 
5916,647,537,0 
5917,647,834,3 
5918,925,225,0 
5919,925,51,0 
5920,925,164,1 
5921,925,329,0 
5922,925,617,0 
5923,925,635,1 
5924,925,938,7 
5925,925,606,6 
5926,143,273,1 
5927,143,515,1 
5928,143,185,4 
5929,143,56,2 
5930,143,905,4 
5931,123,758,1 
5932,123,903,0 
5933,123,688,0 
5934,123,980,6 
5935,847,416,1 
5936,847,318,1 
5937,847,194,0 
5938,847,541,0 
5939,847,969,0 
5940,847,960,0 
5941,847,335,2 
5942,847,74,8 
5943,360,878,0 
5944,360,16,0 
5945,360,725,4 
5946,471,136,0 
5947,471,890,0 
5948,471,422,3 
5949,471,146,1 
5950,471,280,1 
5951,566,490,0 
5952,566,971,1 
5953,566,303,0 
5954,566,937,0 
5955,566,688,0 
5956,678,699,0 
5957,678,58,0 
5958,678,332,0 
5959,678,799,0 
5960,678,563,0 
5961,678,109,3 
5962,169,230,0 
5963,169,630,0 
5964,169,320,0 
5965,417,336,0 
5966,417,876,0 
5967,417,348,0 
5968,417,1000,0 
5969,417,196,0 
5970,417,384,0 
5971,417,554,0 
5972,683,793,0 
5973,493,522,0 
5974,493,901,4 
5975,507,483,0 
5976,507,441,1 
5977,507,669,1 
5978,507,935,1 
5979,507,33,2 
5980,354,931,0 
5981,354,849,0 
5982,120,292,0 
5983,120,706,0 
5984,120,676,1 
5985,818,384,0 
5986,818,974,0 
5987,818,904,0 
5988,818,227,1 
5989,913,325,0 
5990,913,950,0 
5991,913,363,0 
5992,913,711,7 
5993,913,2,9 
5994,913,896,1 
5995,271,823,0 
5996,271,321,0 
5997,271,948,0 
5998,271,217,9 
5999,62,960,0 
6000,62,819,0 
6001,62,161,0 
6002,62,593,0 
6003,62,148,0 
6004,430,429,2 
6005,430,439,9 
6006,430,929,2 
6007,464,752,0 
6008,464,361,2 
6009,464,83,6 
